[11:02:23] skeletons: 8 routes, covered 67, J 241.4199; 05:9@670 09:9@734 13:9@668 01:8@647 03:8@642 06:8@678 10:8@653 12:8@664
[11:05:37]     10 segments: 0:169->78st/4fb 1:166->234st/8fb 2:199->185st/11fb 3:62->75st/15fb 4:116->223st/18fb 5:18->465st/23fb 6:282->23st/24fb 7:25->143st/34fb 8:None->187st/36fb
[11:05:37]   10: segmented beam 1000 drmax 0.15 half 45: 187 final states, deepest 36  (194 s)
[11:05:37]   10: Pareto 32:936 33:941 34:967 35:999 36:1016
[11:05:46]     36 fb: planner 1016 -> twin 1073 kg (36 fb, 36 new), 0.630 km/s/fb, J_i 1.452, value -12.948 (10 s)
[11:05:55]     35 fb: planner 999 -> twin 1057 kg (35 fb, 35 new), 0.632 km/s/fb, J_i 1.433, value -12.567 (8 s)
[11:06:03]     34 fb: planner 967 -> twin 989 kg (34 fb, 34 new), 0.574 km/s/fb, J_i 1.355, value -12.245 (9 s)
[11:06:11]     33 fb: planner 941 -> twin 952 kg (33 fb, 33 new), 0.546 km/s/fb, J_i 1.315, value -11.885 (8 s)
[11:06:11] [10] 8 waypoints -> 36 flybys (36 new), tank 1073, J_i 1.452; fleet covered 36, uncovered 262, fleet J 265.452  (228 s)
[11:06:11] FINAL: 1 routes, covered 36, J 265.4518; 10:36@1073; leftovers 262: [1, 2, 3, 4, 5, 6, 7, 8, 11, 12, 13, 14, 15, 16, 17, 19, 20, 21, 22, 23, 24, 27, 28, 29, 30, 31, 32, 33, 34, 35, 36, 38, 39, 41, 43, 45, 46, 47, 49, 50, 51, 52, 53, 54, 55, 56, 57, 58, 59, 60, 61, 63, 64, 65, 68, 69, 70, 71, 72, 73, 74, 75, 76, 77, 78, 79, 82, 83, 84, 85, 86, 87, 88, 89, 90, 91, 92, 93, 94, 95, 96, 97, 98, 99, 100, 101, 102, 103, 104, 105, 106, 107, 108, 109, 110, 111, 112, 113, 114, 115, 117, 118, 119, 120, 121, 122, 123, 124, 125, 126, 127, 128, 129, 130, 132, 133, 134, 135, 136, 137, 138, 139, 140, 141, 142, 143, 145, 146, 147, 148, 149, 150, 151, 152, 153, 154, 155, 156, 157, 158, 159, 161, 162, 163, 164, 165, 167, 168, 170, 171, 172, 173, 174, 175, 176, 177, 178, 179, 180, 181, 182, 184, 185, 186, 187, 188, 189, 191, 192, 193, 194, 195, 196, 197, 200, 201, 202, 203, 204, 205, 206, 207, 208, 209, 210, 211, 212, 214, 215, 216, 217, 218, 219, 220, 221, 223, 224, 225, 226, 227, 228, 231, 232, 233, 234, 235, 236, 238, 239, 240, 241, 243, 244, 245, 246, 247, 248, 249, 250, 251, 252, 253, 254, 255, 257, 258, 259, 260, 261, 262, 263, 265, 266, 268, 270, 271, 272, 273, 274, 275, 276, 277, 278, 279, 280, 281, 283, 284, 285, 286, 287, 288, 289, 290, 291, 292, 293, 295, 297, 298, 299, 300]
[11:06:11] sum J_i 1.452 -> J 3.452 if the leftovers insert for free, 265.452 as misses
