# ID  a[AU]  e  i[deg]  Omega[deg]  omega[deg]  M[deg]   (epoch: MJD 61200.0 for all)
   1   1.7689528  0.4232224   22.14242   336.03924    27.87452   252.06689
   2   1.9810687  0.6361991    6.66957   294.34257   237.01137    28.07406
   3   2.2005608  0.8591108   17.51489   260.13526   243.26877   129.82319
   4   1.2714646  0.8896723   22.31053   265.09881   322.30016   301.48582
   5   1.0838865  0.4771016   37.03321   295.27177   104.98562    38.79575
   6   1.6213702  0.6575603   24.37798    77.51847    77.93611   211.44116
   7   2.0774415  0.5069959   43.64693    19.88008     5.84705    90.73316
   8   1.7533776  0.4398616   42.03945   310.13923     6.97434   316.90227
   9   1.2458036  0.3355178   13.33676   337.13487   277.02906   354.67950
  10   1.7762319  0.6504315   39.82206   356.78899   267.84526   148.63266
  11   2.4391983  0.6118902   39.51172   347.89802   162.39930   287.72364
  12   2.5430471  0.6246302    0.44808   125.36536   277.86165   125.51616
  13   2.1785708  0.7108614    2.52172    74.85241    98.38190   158.29960
  14   2.1367140  0.5740760    8.85374   226.43300    31.25146   317.08310
  15   2.7243079  0.6415852   13.83947   133.62460   166.78307     0.37394
  16   2.2620457  0.5935572   23.15184   235.51959   140.00618   133.16977
  17   2.2301886  0.5419751   39.65677   267.12483     5.01410   305.53400
  18   2.2052447  0.6598497    3.02961    82.16378   169.30021   336.40315
  19   1.9236716  0.6388452   10.78440    40.94164   103.14810   101.26122
  20   1.9617680  0.4930609    5.31181   168.07244   147.23365   266.59627
  21   1.7597807  0.5788447    7.13333   311.61490   120.82624   110.65203
  22   2.1223157  0.6538340   34.88704   275.31036   284.97994   241.51950
  23   2.8902616  0.8954152   24.28500   126.52941   302.96204   171.66312
  24   1.2900749  0.2993525   64.00427    94.35212    61.50561   121.87829
  25   1.5415156  0.4059747   24.53703   220.68627   321.78869   266.00592
  26   0.8586365  0.6427473   19.22130   161.99674    47.81378   206.20972
  27   1.7764915  0.4144802   60.68460    43.45101     2.59571   109.84990
  28   2.3792160  0.5758477    5.87999    26.93149   174.56857   242.39075
  29   1.8469723  0.5893724   51.33620   164.28075   293.54199    43.07106
  30   1.4707151  0.5601800    6.35218    35.50297   286.09771   224.36160
  31   2.7060815  0.8582965   48.41215   309.28070   114.23695   270.53778
  32   2.1329374  0.5261187   11.62340    58.16545   183.58089   165.35889
  33   1.9713638  0.5537355   27.12971   315.60707    57.99014    59.04571
  34   2.6266850  0.6307928    2.79844   266.72320    95.49900   320.72557
  35   1.1099069  0.2920960   44.05781    38.30847    91.01207    20.86395
  36   2.7171262  0.7844640   46.75042    70.17634   277.98080   113.40946
  37   0.7532601  0.3398784   24.92726   272.66887   156.64665   348.82064
  38   2.1368372  0.5778302    9.53681    78.75610    39.13098   286.60515
  39   2.0053413  0.5700748   52.36973   252.04419   219.55372   117.70660
  40   2.2749288  0.5664273    9.28064   247.76284   322.40456    21.00160
  41   2.5345579  0.6190904   47.83485    55.15904   187.34432   105.13552
  42   1.0569542  0.3442881   25.15147   236.20005   255.58121   238.74470
  43   2.1080611  0.7625195   11.62102   135.99028   107.91942   275.26427
  44   0.7615816  0.6016359   20.28450   203.55397   148.33841   279.20801
  45   1.5062784  0.4303842   37.98278   164.09288   125.15536    49.97368
  46   2.1965633  0.5440374   13.53118    82.01076   204.47648   312.60606
  47   2.8487174  0.6529252    1.99822   141.27250   293.89656   298.65131
  48   2.6346507  0.8696748    5.95480    84.58326   302.38055   277.11768
  49   1.0779942  0.8270189   22.80162    87.94857    31.44438   329.18266
  50   1.8662592  0.5078643   10.61149   284.10740    61.54418   231.68165
  51   2.0361805  0.4927933   10.02900   313.49561   344.83848    49.36415
  52   1.7352089  0.5283516   42.36114   131.99742   300.71884   105.29670
  53   2.3146300  0.6050551   29.53092   132.13915   224.21624   268.48277
  54   1.3199080  0.3266154   17.99169    18.12085    48.77155   331.74911
  55   1.7074001  0.4367044   22.71515   302.02023    24.71568    91.62974
  56   1.3486590  0.3295322   33.46935   117.85066    47.49688   264.10830
  57   1.4229631  0.2897508   55.89453   171.12615   186.41125   194.80694
  58   3.0280445  0.7272520   20.16655   110.95612   126.42497   263.41986
  59   1.6359485  0.5001928    7.40973    10.62092   105.96629    96.27681
  60   0.6423893  0.6883841   38.87863   244.89558   192.65395     5.45664
  61   2.5262805  0.7117857    4.44104   177.72310   316.20909   307.68577
  62   2.3874410  0.6053720   23.72574     9.79921   145.04893    80.61119
  63   1.7840613  0.5082827   53.19536   357.06027   225.62494   232.59781
  64   3.6552163  0.7238267   44.12226    19.21585   343.26959   158.35270
  65   1.2705255  0.5851656    5.05883    96.97520   258.97377   256.07234
  66   1.8432235  0.5812927   38.56598   116.51175   104.09227   165.59509
  67   1.5729380  0.3950417    1.43938    99.34195   248.25683   279.89083
  68   1.1365852  0.1437417   13.91996   139.30103   207.02937   228.31822
  69   2.3576072  0.5676514    6.24493   226.56450   181.29566    11.19621
  70   2.0150725  0.5332099    8.18219   306.75571   175.26452   117.82560
  71   1.5075512  0.4165127   16.69512   219.36124   140.29002    93.30517
  72   2.4449438  0.7906999    1.97391   195.43379   286.41433   268.15672
  73   1.9672729  0.6076793    2.66375   181.16134    89.39490    96.56151
  74   1.8415200  0.5061514    5.40987   294.72295   173.52039   274.45797
  75   2.4337077  0.6170326    9.68980   107.56402   237.79733   294.82403
  76   1.4421372  0.4840079    4.09944   213.60445   103.10746   253.50666
  77   2.5924797  0.6179423   13.23278     1.27533     5.22298   316.73554
  78   1.5658196  0.4079780   36.01520   279.53942   130.68633   138.66261
  79   1.3084955  0.2126112    9.02376   264.50600   184.85396   284.01604
  80   1.9312461  0.6206467   23.55872   115.78687    67.45131   197.87281
  81   0.8830647  0.6328224   17.06760   130.14228   309.26448   331.03403
  82   2.2435916  0.6253872    9.82890   168.05282   116.27080   130.65409
  83   0.6618334  0.5330718   26.45905   155.74474   197.85461    94.64674
  84   1.9877259  0.4800069    6.69302   325.70748   173.06866   194.39579
  85   1.8451563  0.4660521   42.72023   338.02633   162.24225   305.34112
  86   1.9070776  0.6224092   55.85289   271.06190    71.46206   196.70619
  87   2.2201799  0.7775669    3.11870   339.37397   243.24570   238.12487
  88   2.6003283  0.6340735   17.09388   110.80673   207.63119   180.82234
  89   1.2485160  0.3248821   15.31841     8.86900   233.72605   148.38115
  90   2.1505803  0.5656677   20.05615   294.79736   326.85322   354.15946
  91   2.6887981  0.6358411    0.83203   219.82254    62.87684   357.42282
  92   2.7985809  0.6752615    6.01513   157.57903    25.86502    17.15437
  93   1.9222931  0.5397498   22.76523   239.03405    43.41670    29.72370
  94   2.7461899  0.6213942   24.85250    93.21843   178.32543   337.65250
  95   1.6416873  0.8863572    9.90138   188.12971   222.96678   107.19873
  96   2.2263691  0.5350316   10.84584   132.16563   206.19444    88.26347
  97   2.2793664  0.6462927    8.02751   347.42493   233.52042   142.23837
  98   1.4421785  0.5865740    5.52413   311.66594   291.99797   173.53972
  99   1.6984528  0.5075685   12.15584   356.54428   224.82289   130.37961
 100   2.5736093  0.7155058    5.01801   150.89053   278.15998    85.33777
 101   2.4205161  0.5727372   12.87861   250.06900   345.65955   166.35480
 102   1.1226786  0.2138661   26.06566   161.20276   102.10080   115.93198
 103   0.9299484  0.4065044    4.69797   311.92731    82.76506   209.47561
 104   1.4519998  0.4078352   24.75984    68.67554   110.74277   204.20484
 105   1.1227045  0.1645913   37.12310   156.83722   249.45499   319.46893
 106   1.3706137  0.2691824   40.78349   190.01269   218.35394   245.45258
 107   1.6566052  0.4679086    6.62299   218.89189   203.11336    87.04789
 108   2.4621481  0.6417744   19.57999   168.84081    54.50171    48.69357
 109   1.0630885  0.4831758    8.88522   325.49909   121.45239   143.61254
 110   2.9222508  0.7155033   13.85069   192.31083   113.63224   302.22427
 111   2.1909924  0.5722836   30.25143   248.22125   159.71808   145.29814
 112   1.0853129  0.1869960   62.10129     0.98343   104.96868   337.12011
 113   1.8334630  0.8651747    8.41081    38.76304    49.00459   115.71954
 114   2.5012420  0.6462794   28.42255   142.31976   218.49978    93.58861
 115   1.9014803  0.5951473    3.69008   109.43800    43.46710    46.39647
 116   2.5405049  0.6679634    6.22709    64.20530   142.61518    74.30375
 117   0.9326616  0.0913984   18.68411   278.65037   118.23951   124.27217
 118   1.4900466  0.3666013   68.42022   262.94888   188.81131    66.18458
 119   2.8027314  0.6361596   13.44416   272.69833   171.76973    91.42447
 120   2.4281288  0.6737478    7.77266   261.43576    54.65804   271.18590
 121   2.5188915  0.6365663   13.75276   275.18421   331.89473   217.87283
 122   1.9956563  0.5058072   10.06177   164.87309   150.28551    62.27738
 123   2.0847298  0.5932104    4.48847   227.75939   290.41368   224.23513
 124   2.2344631  0.5767474   16.18609   116.62205   139.53984    89.33903
 125   1.6992091  0.8257849   39.01303   181.67697   123.38896   109.12755
 126   2.4077964  0.6238857    2.42699   338.65275    20.33259   145.34149
 127   2.0677254  0.6691596    2.11568   232.85463   135.64523   192.51717
 128   0.8278977  0.2094484    8.54804   273.62643   327.01857   193.58027
 129   3.3418316  0.8320031   35.60472    80.21035    95.80133   123.22571
 130   1.8896615  0.5208196    5.43674   104.69532   221.57844   161.94316
 131   8.6053869  0.8827231  133.99961   128.96684   158.41300     6.65892
 132   2.4211089  0.6313870    8.56552   178.00841   243.15297   355.65328
 133   2.8055539  0.8221067    9.62248   169.75955   102.82204    21.93380
 134   1.3762055  0.3023014   38.14572   344.32110   220.72405    97.73196
 135   1.7052889  0.6889445    8.74062    34.00167    99.72654   193.66900
 136   1.1049736  0.0755396   24.09941   290.33711    37.15512   104.27099
 137   2.4143354  0.5958396   18.80198   283.60900   355.74077   314.03452
 138   3.2876537  0.6836654   46.98405   187.08625   168.80552   268.41840
 139   3.0387546  0.6736503   57.84046   177.37634   204.63600    46.30594
 140   2.7252728  0.6949311   14.10845    92.64957   248.42475   124.01865
 141   1.2189153  0.5698609    3.20528   307.34369   324.83375   244.76095
 142   1.6550928  0.6239317    6.06720    34.03403    92.93111   197.11292
 143   1.7198356  0.5615300   28.82828   222.69423   280.98297   132.65061
 144  17.8136156  0.9469937   19.56623    48.89139   333.20875   127.37831
 145   1.7723384  0.4846564   15.15631    61.20660   232.43344   239.63201
 146   1.4913987  0.5783451    7.79145   110.66657    97.80704   169.28000
 147   2.6301994  0.6401361   70.55951    18.46202    13.16707   313.14960
 148   2.5128427  0.6316815    9.87177    48.48253   325.71499   267.86855
 149   2.0334038  0.5609582    6.50656   111.23173   104.54677   246.73838
 150   2.1345095  0.5147127    7.35457   116.19322   182.65206   146.99943
 151   2.5857049  0.6336550   11.22959   154.89353   161.15463   334.55652
 152   3.2012994  0.7597263   13.50267   202.66443   238.62470     5.93771
 153   1.1824116  0.6294724    1.52282   272.10936   140.23618   266.52769
 154   1.7870592  0.4456396    9.93722    58.61606    27.69964    95.37646
 155   1.2344234  0.2800086   19.00837   286.22318   306.85627    52.24722
 156   1.8597596  0.4519655   26.05772   173.52007     3.55770   339.66621
 157   2.7471745  0.7063586   20.66508   138.78161   235.30583    88.37216
 158   2.8512813  0.6598776   20.67934    38.60318   347.10424   198.33004
 159   2.6909603  0.6769401    5.39883   105.20898   246.81591    46.08331
 160   2.3202498  0.5611728    1.94299   264.05008   278.72548   299.64091
 161   2.6899898  0.7933788   17.17979   353.93105    95.74600   268.90664
 162   0.8649325  0.2085728   16.72622    96.44687    16.61338   131.00890
 163   1.0494373  0.4990536   26.60392   165.54034    72.16443    97.54199
 164   1.5428663  0.6459551    7.30927   243.71849    76.88929   219.60060
 165   1.1980120  0.8502024   19.13504   303.99962   224.53117   102.10701
 166   2.8206350  0.6509089   20.77419    76.38375    20.49371   187.91707
 167   2.7239489  0.6517055   73.64108   249.00759   145.39576   104.41813
 168   1.6075949  0.3799384   23.65377     3.07513    27.01906   174.30476
 169   2.3875802  0.6134804   12.81196    41.67682   233.72284   213.00177
 170   1.5519617  0.4781415    3.58083   135.03605   160.00503   203.51505
 171   1.4778142  0.7523783   18.03421   139.50669   303.92609   224.16609
 172   1.3355986  0.3055700   17.25133   116.63182   133.85767   285.77557
 173   1.9033297  0.5521532    8.27110   238.33422   114.74260   315.77090
 174   1.8713030  0.4865443   14.39783    10.77506   217.49146   171.03786
 175   1.8146854  0.4508695   13.20499   120.97348    13.20651   252.41815
 176   2.6517270  0.6186491    2.63958   305.16698    42.22519   295.35291
 177   2.6775747  0.7347815    5.37753    52.45999   309.87022   205.78151
 178   1.9499674  0.7546670   12.37568   102.72819   263.65389   332.97439
 179   1.6284721  0.7761449   34.25400    40.07200   110.83482    58.33517
 180   2.0023318  0.6066269   31.29757    44.62004   291.22498   309.13373
 181   1.6376834  0.4174250    4.68129   268.50377    24.94580    25.72688
 182   1.7732549  0.7441422    9.06773   159.49235    79.18077   229.29091
 183   1.0348698  0.1921328   21.47000   322.74951    99.04605     0.79457
 184   2.5105878  0.6197731   10.13806    61.82536   314.56221   138.81068
 185   1.6398395  0.7381438   16.44727   322.05585    71.91130   283.45084
 186   1.1897113  0.2780801   30.12309   292.44372    84.19068   219.44023
 187   2.6372059  0.6065703   13.35690    80.57269   190.76452   201.13680
 188   2.0654090  0.8867094   25.14721    30.23893    49.95877    40.70005
 189   1.4672226  0.4814932    3.12476    73.38514   280.06988    68.58937
 190   0.7186981  0.4176323    7.36842    81.65754   167.51212   278.10601
 191   1.3733016  0.7314486    5.04225   359.93571   120.90302    25.35328
 192   2.8207652  0.7585161    5.67243    22.11160    47.80584   320.43320
 193   1.5997395  0.5030596   23.07163   191.10298   290.99488   134.59668
 194   1.4585197  0.5620711   39.93236   314.32185   268.33837   152.72654
 195   1.2690923  0.5141334   19.42916    54.20354   263.94000   118.37997
 196   2.2978714  0.5803493    9.52381    84.80995   187.05031   314.49405
 197   1.6918546  0.4624185    5.83330   352.06267   333.21962    77.92490
 198   1.0869937  0.7245234   34.03784    38.83283   308.11171    52.94938
 199   2.3232849  0.5777828   28.06534    74.44268   153.53473   212.80019
 200   2.1084489  0.6024730   16.07668   194.71649   243.06440    29.87097
 201   1.9241439  0.5740776    6.40373   222.60435   221.65785   123.45216
 202   1.7700822  0.6007455    5.54384   156.84047    90.61416   171.85883
 203   1.8204548  0.5677589    4.84751   197.06965    31.12818   103.52153
 204   3.2104465  0.6984358   10.00804   340.11360   337.25060   334.67781
 205   2.0590426  0.5537607    7.75324   113.04616   300.31278    54.43611
 206   2.8183551  0.8056228    6.09413   211.06792   287.89761   142.94147
 207   1.5456527  0.4716797   13.53154   303.58001   231.23185    56.46936
 208   1.6427096  0.3831233    3.41388    72.98582   319.58070   260.86129
 209   1.7469491  0.4782407   10.99257    50.12548   147.55732   236.83616
 210   0.9466308  0.1238510   22.32417   331.11156    46.04864   313.59350
 211   2.5029378  0.6954981    0.79236   180.21677   345.98384    27.88526
 212   2.3841115  0.6584107    3.85786    54.49466   337.61080    57.54043
 213   2.1175518  0.6647149   59.33202    33.49564   251.10950   277.27066
 214   1.5732150  0.5374907   13.79490   159.69000    90.95239   283.96209
 215   1.9046562  0.6261117    2.13279    75.47581   120.47166   294.30845
 216   2.8898049  0.7531963   39.21257   268.05495   246.33087   335.84264
 217   2.7002874  0.7185112   15.72955   226.40736   234.72024   259.46865
 218   2.7628538  0.6530511   24.23489   173.91597   183.78498    10.34013
 219   2.9104022  0.7189268   54.50065   187.46839   120.40785   136.57235
 220   1.8959431  0.7678837   13.76438    22.58099    65.38508   111.30664
 221   1.9258613  0.4745003    1.67978   285.28603   186.46494    42.77009
 222   0.9589853  0.1520306   21.61632   288.01435   297.66152   116.77445
 223   2.4928794  0.8250702   10.89224   141.43021   290.69225    32.93932
 224   2.5876625  0.6445716    4.49003   134.62065   296.45179   194.59032
 225   2.2193037  0.5945363    8.14565   107.52446   139.38745   157.46921
 226   1.0297117  0.0739217   45.86726   150.72865   322.15149   285.71611
 227   1.6169191  0.4510506   25.31356   350.18774   129.62796    74.19070
 228   1.4766837  0.4087554    7.15733   320.05713   215.21576   322.98333
 229   1.0695645  0.1943873   24.83200    39.09556    78.30472   197.35767
 230   1.3361826  0.6030516    8.26679    87.66314   115.45272   290.83765
 231   1.5453773  0.4921133   19.07078   358.77697   106.81633   164.52584
 232   2.2446158  0.5974925   55.01316    16.90762   319.39785   123.15875
 233   2.0188289  0.5270505   10.12318   306.82260   189.05043    49.08613
 234   2.7659172  0.6897943   18.71928   178.94914   134.44864   231.98190
 235   2.0347462  0.8301183    9.20708    16.51692   130.85357   115.82283
 236   2.4821903  0.6104356   75.65689   179.32276   358.13064   222.29590
 237   2.2359478  0.7350665    5.83305   297.38763   247.47933   168.47810
 238   1.7270961  0.4871616   10.90394    53.30016   143.74672   323.77329
 239   0.9684505  0.6556432   36.24349   208.83489    43.96009   290.24173
 240   1.4480275  0.3110773   28.00194   137.21706   211.36896   309.70892
 241   1.3406221  0.7960261   31.41870   213.02113   233.47471   328.45545
 242   1.7115612  0.4673010    1.91954   277.35076    44.64222    14.62048
 243   2.4093191  0.6573556   15.64982   126.38707   305.56370    38.76845
 244   1.6336517  0.3995551   19.45987    74.90308   156.34575   219.37232
 245   1.9986322  0.5919158    7.70070   298.62405   110.25573    20.53508
 246   2.2008739  0.5990060    9.59103   194.24203   323.76554    30.18113
 247   1.7440386  0.4334635    8.69826   130.33277     0.82792   100.42151
 248   1.9002843  0.5490427    8.97249   339.42683   222.03114   138.56908
 249   2.0385349  0.5429831   17.09824   311.52793   326.17635   203.16612
 250   1.6487207  0.7321107    3.77164   299.94859   315.19266   180.83473
 251   3.0686144  0.6953931   16.40099   329.98730   214.63901   134.44307
 252   2.6931172  0.6523674   15.97737    21.45675    28.04922   166.76539
 253   1.3228073  0.4257499   38.24694   116.68273   105.45442   233.74340
 254   2.6708403  0.7024474    5.85396    13.78257   319.89695   316.82422
 255   1.0548885  0.3501936    1.97262   299.46913    24.07594   218.56549
 256   1.3650562  0.3767097    8.67170   358.61640   289.82431    72.94160
 257   1.1327841  0.2519251   17.74569    36.09232    76.66188   261.08773
 258   2.0032005  0.5285458    2.34859   306.96917     2.34618   149.82116
 259   2.6081047  0.7264292    8.34621    14.76716   103.83136    33.01158
 260   1.8760759  0.6999942   47.70709   271.09639   269.11718   159.08211
 261   1.2601754  0.2638519   23.24895    31.55547    46.34009   354.47200
 262   2.2374745  0.8467604   15.83674    77.65134   234.99443   224.75024
 263   1.7033695  0.4514134    4.64461   144.35835   197.95871    72.94841
 264   2.6346737  0.7089438    8.17004   321.04994   303.04123   190.76754
 265   1.5854827  0.8298543   18.97022   141.40332    47.17056   205.94373
 266   1.8534617  0.5713813    5.70303     6.10124    79.73389   221.26848
 267   1.4525646  0.7875134    5.44387   160.47465   108.05991    51.97965
 268   2.2851226  0.5645735   14.38466   116.19778   202.83046   177.43219
 269   1.0462949  0.2614281   13.47265   104.47484   294.31512   219.55501
 270   1.6131222  0.4573236    7.03616    90.70575    25.18669   271.98435
 271   1.7609225  0.4444335   15.73453   210.87182   191.27555   236.60693
 272   1.0011647  0.6323842    2.63724    19.28184   200.25742   283.91195
 273   1.0798307  0.3558265   10.31047   234.38229   289.53049   130.59771
 274   1.9415749  0.5246188    9.14040   308.19497    38.36743    78.22634
 275   2.1642406  0.6038118   23.29362   344.48690   122.66643   257.42502
 276   2.3588705  0.5957228    6.73598     0.07695   336.92428   222.78244
 277   2.0579468  0.5333723   40.35278    58.22184     0.56745   190.73985
 278   2.3312231  0.8971259    8.35561   297.22413   233.21614   305.60595
 279   1.8785895  0.6542666    7.14292   178.12913   284.62170   101.58131
 280   1.4898909  0.3766319   36.78219   164.91856   342.88937   212.02017
 281   1.2314876  0.4863989   21.38605    21.49671    87.27348   151.67492
 282   2.8622597  0.6655032   31.15841   137.24402    32.40405    43.30448
 283   1.6012102  0.3935463    8.07603   111.95181   136.69473    46.48390
 284   2.0839918  0.6247885    1.79833   271.37599    90.51293   226.65995
 285   1.8068070  0.4745797   35.13666   193.47036   135.81748   157.21145
 286   1.2294271  0.3545467   10.38842   241.00265   245.91920   142.48936
 287   2.8115977  0.6453388    9.76964    79.08291   348.67889    91.86834
 288   1.4205196  0.3100408    9.33904    83.16315   337.96093   180.11822
 289   1.9169005  0.6086928    5.82974   188.72262   271.31616   287.56027
 290   2.2370779  0.7053356    7.30064    21.40878   247.02418   121.10523
 291   2.0010871  0.6036324    3.57805   158.02876   300.30027   146.22873
 292   1.3473749  0.4608939    2.51747   126.78350    42.72015   112.54924
 293   1.1141409  0.8020542    2.35416    51.88447   317.76389   337.73685
 294   0.7812752  0.3368710    3.77590   187.91609    60.17505    43.25244
 295   1.8981802  0.4494911   12.40454    84.25590   193.42209   213.36925
 296   0.6352314  0.5311116   18.94300    37.00648   353.01317    64.98426
 297   0.6950149  0.3798994   24.30945    81.11844   183.66291   303.05126
 298   1.2994529  0.3037728   29.79622   138.73493   299.65389   256.38613
 299   1.0593695  0.4440101   11.16926   157.86367   296.70833    82.73584
 300   1.8957515  0.8108675   20.38021   229.11004    65.24267   114.19291
