[11:17:32] skeletons: 8 routes, covered 67, J 241.4199; 05:9@670 09:9@734 13:9@668 01:8@647 03:8@642 06:8@678 10:8@653 12:8@664
[11:20:37]     03 segments: 0:205->334st/5fb 1:214->638st/12fb 2:203->23st/13fb 3:88->62st/16fb 4:135->491st/21fb 5:15->268st/25fb 6:178->15st/25fb 7:36->313st/33fb 8:None->2273st/37fb
[11:20:37]   03: segmented beam 1000 drmax 0.15 half 45: 2273 final states, deepest 37  (185 s)
[11:20:37]   03: Pareto 30:945 31:951 32:958 33:961 34:971 35:979 36:990 37:1023
[11:20:46]     37 fb: planner 1023 -> twin 1058 kg (37 fb, 37 new), 0.599 km/s/fb, J_i 1.435, value -13.365 (9 s)
[11:20:55]     36 fb: planner 990 -> twin 1018 kg (36 fb, 36 new), 0.573 km/s/fb, J_i 1.387, value -13.013 (9 s)
[11:21:04]     35 fb: planner 979 -> twin 1005 kg (35 fb, 35 new), 0.575 km/s/fb, J_i 1.373, value -12.627 (9 s)
[11:21:12]     34 fb: planner 971 -> twin 1005 kg (34 fb, 34 new), 0.592 km/s/fb, J_i 1.373, value -12.227 (8 s)
[11:21:12] [03] 8 waypoints -> 37 flybys (37 new), tank 1058, J_i 1.435; fleet covered 37, uncovered 261, fleet J 264.435  (220 s)
[11:21:12] FINAL: 1 routes, covered 37, J 264.4345; 03:37@1058; leftovers 261: [1, 2, 3, 4, 5, 6, 7, 8, 9, 11, 13, 14, 16, 17, 18, 19, 20, 21, 22, 23, 24, 25, 26, 27, 29, 30, 31, 32, 33, 34, 37, 38, 39, 40, 41, 42, 43, 44, 45, 46, 47, 48, 49, 50, 51, 52, 53, 54, 56, 57, 58, 59, 60, 61, 62, 63, 64, 66, 67, 68, 69, 70, 71, 72, 73, 74, 75, 76, 77, 78, 79, 80, 82, 83, 84, 85, 86, 87, 89, 90, 91, 92, 93, 94, 95, 96, 97, 98, 99, 100, 101, 102, 103, 104, 105, 106, 107, 108, 109, 110, 111, 112, 113, 114, 115, 116, 117, 118, 119, 120, 121, 122, 123, 124, 125, 126, 129, 130, 132, 133, 134, 137, 138, 139, 140, 142, 143, 145, 146, 147, 148, 149, 150, 151, 152, 153, 154, 155, 156, 157, 158, 159, 161, 162, 164, 165, 166, 167, 168, 169, 170, 171, 172, 173, 174, 176, 177, 179, 180, 182, 183, 184, 185, 186, 187, 188, 189, 192, 193, 195, 196, 197, 198, 199, 200, 201, 202, 204, 206, 207, 208, 209, 210, 211, 212, 213, 215, 216, 217, 218, 219, 220, 222, 223, 224, 225, 226, 227, 228, 230, 231, 232, 233, 235, 236, 237, 238, 239, 240, 241, 242, 243, 244, 245, 246, 247, 248, 249, 251, 252, 253, 254, 255, 256, 257, 258, 259, 261, 262, 264, 265, 266, 267, 268, 270, 271, 273, 274, 275, 276, 277, 278, 280, 281, 282, 283, 284, 285, 286, 287, 288, 289, 290, 291, 293, 295, 296, 297, 298, 299, 300]
[11:21:12] sum J_i 1.435 -> J 3.435 if the leftovers insert for free, 264.435 as misses
