# validator2 synthetic test: arcs with n = 1, 2, 3, 4 samples (m0 = 1500 kg, no flybys)
1 1 0 0 -19500328.647 145818483.47 -7637.2048832 -29.389477846999998 -4.3166912970000002 -3.9417153391999999 1500 0 0 0 0
2 1 2 864000 -44457644.625969261 139840469.25836566 -3395466.8865143163 -28.230358196155951 -9.4912687042166066 -3.8799972194729846 1500 0 0 0 0
3 1 1 950400 -46889654.274485655 138998555.42904276 -3730149.1130620311 -28.064671431221765 -9.9970283062709466 -3.8670726653194425 1500 0.29999999999999999 0.10000000000000001 -0.20000000000000001 0
4 1 2 1209600 -54094405.4433873 136212341.15500575 -4726757.1963962074 -27.514260420549878 -11.497014459343813 -3.8209777487297214 1500 0 0 0 0
5 1 1 1382400 -58813867.092261694 134140444.75148456 -5383912.3201453816 -27.10331448257736 -12.480990724518167 -3.7841783043101316 1500 0.20000000000000001 0 0 0
6 1 1 1468800 -61145596.397187918 133041201.07664765 -5710000.9520162139 -26.869051755884488 -12.961935195073668 -3.7639692159670499 1499.3528228961727 0.34641016151377552 0.19999999999999998 0 0
7 1 2 1900800 -72496970.404396102 126925055.21147458 -7311411.9236581214 -25.648321783303327 -15.336385930729865 -3.645025104626002 1499.3528228961727 0 0 0 0
8 1 1 1987200 -74701410.412519276 125580000.63289507 -7625169.9216396483 -25.379004833479733 -15.798372825763211 -3.61769683102521 1499.3528228961727 0 0.29999999999999999 0.10000000000000001 0
9 1 1 2030400 -75794794.702981189 124892788.18262021 -7781109.3910659961 -25.239815980254846 -16.016101599767492 -3.6021548255476952 1498.9030312707107 0.10000000000000001 0.45000000000000001 0 0
10 1 1 2073600 -76882059.53337431 124196226.57096443 -7936433.4245710587 -25.095697991866537 -16.232642101338982 -3.5892049017907581 1498.4256025516968 0.20000000000000001 0.29999999999999999 -0.10000000000000001 0
11 1 4 2419200 -85353042.945449874 118276345.63816279 -9155709.5631923378 -23.904918174896054 -18.012287935065444 -3.4637501642623301 1498.4256025516968 0 0 0 0
