1 1 0 0 -19500328.647 145818483.47 -7637.2048832 -29.389477846999998 -4.3166912970000002 -3.9417153391999999 2000.5 0 0 0 0
2 1 3 10008479.152000001 -113986112.08977249 -87213961.217851356 -16523817.304370454 18.269315350513413 -24.357060498219962 1.9760173754047252 2000 0 0 0 174
3 1 1 10008489.152000001 -113985929.39636816 -87214204.788264409 -16523797.544160336 18.269365516873275 -24.357022114451105 1.9760246476935912 2000 0 0 0 0
4 1 1 10094889.152000001 -112388802.77338941 -89304194.18949081 -16350356.959945293 18.700314237486822 -24.020840118199331 2.0387760083200135 1999.9567650978202 0.024534499215454034 0.02833039377036288 0.01159329817915738 0
5 1 1 10181289.152000001 -110754668.7861132 -91364740.087509543 -16171502.172251241 19.12592451440128 -23.675430243441795 2.1013494190868802 1999.8273579975987 0.039479100432735975 0.063443103075436505 0.023115119819877405 0
6 1 1 10267689.152000001 -109084013.6763306 -93395039.233862981 -15987249.635613818 19.545607619726802 -23.320673644682135 2.1637194301201412 1999.6125661692424 0.043378380287157063 0.10272601892372371 0.034494429060350551 0
7 1 1 10354089.152000001 -107377376.77466609 -95394283.236356914 -15797618.121856228 19.958728213174201 -22.956572160154494 2.2258578531325073 1999.3137138751244 0.035441929288910212 0.14328926044494333 0.045661068675104985 0
8 1 1 10440489.152000001 -105635353.20958225 -97361669.442726672 -15602628.955801908 20.364635124040195 -22.583257660507993 2.2877337836722242 1998.9326436387948 0.01559157464070393 0.18212930366186178 0.056546192617631282 0
9 1 1 10526889.152000001 -103858593.94223405 -99296412.288223892 -15402306.248613285 20.762692258706451 -22.200993441501598 2.349313634172014 1998.4717048848747 -0.015531114032635117 0.21629965464240655 0.067082690479152732 0
10 1 1 10613289.152000001 -102047803.14176953 -101197754.44822264 -15196677.127708569 21.152308971687201 -21.810168335991602 2.4105611804322851 1997.9337394540039 -0.05659747045246516 0.243078606642148 0.07720560124661198 0
11 1 1 10699689.152000001 -100203733.02055575 -103064977.17722496 -14985771.962012535 21.53296821963038 -21.411283852548404 2.4714376234678559 1997.3220640819193 -0.10566274225117835 0.26012478053458171 0.08685251380891823 0
12 1 1 10786089.152000001 -98327176.389540866 -104897409.25893614 -14769624.581131285 21.904250936095782 -21.004935031007047 2.531901668620701 1996.6404499506689 -0.16027155714768815 0.26561182165981811 0.095963951742200904 0
13 1 1 10872489.152000001 -96418957.320705876 -106694434.06700358 -14548272.486881709 22.265855268892544 -20.591786051102478 2.5919096236932369 1995.8930994380146 -0.21759202899366251 0.25833477697296148 0.10448374000174072 0
14 1 1 10958889.152000001 -94479920.409364358 -108455494.33852227 -14321757.055465776 22.617609600375935 -20.172541920195844 2.6514155175923864 1995.0846202083724 -0.27457110269926882 0.23778224045755217 0.11235935125980055 0
15 1 1 11045289.152000001 -92510919.208095878 -110180094.38695927 -14090123.728465995 22.959478609428484 -19.747917784064807 2.710371240604581 1994.2199968050297 -0.32810256071582289 0.20417024576077153 0.119542229754068 0
16 1 1 11131689.152000001 -90512804.451965705 -111867799.62097728 -13853422.190761061 23.29156201363632 -19.318607538750392 2.7687267069618251 1993.3045599187758 -0.37519841136202403 0.15843599841325487 0.12598809065007635 0
17 1 1 11218089.152000001 -88486412.7086806 -113518233.38312711 -13611706.533426145 23.614086030856193 -18.885253463974159 2.8264300398290336 1992.3439535224225 -0.41315418966136103 0.10219175903292003 0.13165719307193552 0
18 1 1 11304489.152000001 -86432556.066585317 -115131071.26947798 -13365035.399695517 23.927387999154242 -18.448418547047513 2.8834277782668867 1991.3441000738287 -0.43969903500603452 0.037641390956339969 0.13651458511804682 0
19 1 1 11390889.152000001 -84352013.4189502 -116706033.22990245 -13113472.112129649 24.231894971137422 -18.008563022981466 2.9396651051286633 1990.3111640019868 -0.45312224845689314 -0.03253585089233086 0.14053031935119928 0
20 1 1 11477289.152000001 -82245523.817700028 -118242873.87129956 -12857084.779244285 24.528097432266328 -17.566026429164719 2.9950860942614006 1989.2515137012601 -0.45236932951098091 -0.10532790241919966 0.14367963743447834 0
21 1 1 11563689.152000001 -80113782.258171916 -119741371.4857533 -12595946.380024053 24.816519564375362 -17.121016173635109 3.0496339748288874 1988.1716822681176 -0.43710217606146196 -0.17755099868492299 0.14594312277464611 0
22 1 1 11650089.152000001 -77957438.124690205 -121201316.39692976 -12330134.824953627 25.09768767014949 -16.673603260748408 3.1032514100821458 1987.0783272224214 -0.40772010900321082 -0.24602043817937225 0.14730682023189509 0
23 1 1 11736489.152000001 -75777096.381887525 -122622499.25690266 -12059732.992448673 25.372098480676325 -16.223725426226579 3.1558807874955233 1985.9781894616006 -0.36534054522779097 -0.30772159846711727 0.14776232215792601 0
24 1 1 11822889.152000001 -73573321.44670251 -124004699.92981504 -11784828.739849141 25.64018908013546 -15.771197526542027 3.2074645168817879 1984.8780517007801 -0.31174037013107675 -0.35997178350267911 0.14730682023189509 0
25 1 1 11909289.152000001 -71346643.529093638 -125347677.56798072 -11505514.888439005 25.902310098093224 -15.315728627724781 3.2579453329112456 1983.7846966550835 -0.24926123015519502 -0.40056398813822208 0.14594312277464611 0
26 1 1 11995689.152000001 -69097567.09383589 -126651162.4217892 -11221889.182269182 26.158703644884785 -14.856944868070597 3.3072665983948388 1982.7048652219419 -0.18068395743699017 -0.42788466300529032 0.14367963743447837 0
27 1 1 12082089.152000001 -66826580.978847496 -127914849.83052656 -10934054.220873212 26.409487208411033 -14.394416848499873 3.3553726047497721 1981.6452149212157 -0.10907904229820856 -0.44099899792541936 0.14053031935119931 0
28 1 1 12168489.152000001 -64534169.613858201 -129138396.72208121 -10642117.366267934 26.654644405185294 -13.927690051461418 3.4022088662419279 1980.612278849374 -0.037641390956339997 -0.43969903500603452 0.13651458511804682 0
29 1 1 12254889.152000001 -62220824.722044863 -130321420.81197469 -10346190.624914166 26.89402310234447 -13.456316618627618 3.4477224048793387 1979.6124254007805 0.030481527562648002 -0.42451197453832301 0.13165719307193552 0
30 1 1 12341289.152000001 -59887056.860023499 -131463502.54380853 -10046390.50556731 27.127341021230176 -12.979886739043197 3.4918620231968349 1978.6518190044262 0.092358677645076978 -0.39666823435390475 0.12598809065007635 0
31 1 1 12427689.152000001 -57533406.159928851 -132564189.66224881 -9742837.85416805 27.354198519485504 -12.498057917655155 3.5345785626009891 1977.7363821181716 0.14543228810192732 -0.35803104499433014 0.119542229754068 0
32 1 1 12514089.152000001 -55160451.680892564 -133623004.16446108 -9435657.6671046074 27.574097850401866 -12.010580508673849 3.5758251454112799 1976.8717587148299 0.18765388314655171 -0.3109914861447593 0.11235935125980059 0
33 1 1 12600489.152000001 -52768818.853741527 -134639451.24455452 -9124978.8843186628 27.786467837763418 -11.517318103013682 3.6155573992113741 1976.063279485187 0.21759202899366251 -0.25833477697296159 0.10448374000174074 0
34 1 1 12686889.152000001 -50359184.608024359 -135613029.73545471 -8810934.163826244 27.990692601965169 -11.018261643060566 3.6537336625879702 1975.3159289725324 0.23450587560185146 -0.20308521892102507 0.095963951742200918 0
35 1 1 12773289.152000001 -47932279.898756765 -136543243.46989861 -8493659.6392862126 28.1861427458783 -10.513536485627267 3.6903151717598184 1974.6343148412832 0.23838046390750639 -0.14833836649850682 0.086852513808918244 0
36 1 1 12859689.152000001 -45488889.494465098 -137429612.93161419 -8173294.6622753637 28.372207269821182 -10.003402025941698 3.7252662279667805 1974.0226394691995 0.22992188219149878 -0.097089704697379653 0.077205601246611993 0
37 1 1 12946089.152000001 -43029849.040194675 -138271686.55212879 -7849981.5309272679 28.548324442189987 -9.4882439100262079 3.7585543457824424 1973.4846740383291 0.21051257419771149 -0.052069301955874975 0.067082690479152746 0
38 1 1 13032489.152000001 -40556039.560655825 -139069051.02897757 -7523865.2065681238 28.714009908540159 -8.9685592766543181 3.7901503827243141 1973.0237352844097 0.18212930366186184 -0.015591574640704009 0.056546192617631302 0
39 1 1 13118889.152000001 -38068379.711132511 -139821340.09629965 -7195093.019944544 28.868880474343836 -8.4449358599419266 3.8200286506586942 1972.6426650480801 0.14722834332498527 0.010571538788615265 0.045661068675105006 0
40 1 1 13205289.152000001 -35567816.209182993 -140528241.26587608 -6863814.3685931647 29.012672236984844 -7.9180261275342119 3.8481670095346607 1972.343812753963 0.10860426727490047 0.025286992109313008 0.034494429060350572 0
41 1 1 13291689.152000001 -33055312.981467869 -141189500.17074114 -6530180.4068569569 29.145252057494631 -7.3885179078070928 3.8745469439402385 1972.1290209256058 0.069230183520131619 0.028121315555774015 0.023115119819877423 0
42 1 1 13378089.152000001 -30531839.631529719 -141804922.2782262 -6194343.7300147926 29.266621734518377 -6.8571031566848308 3.8991536228655166 1971.9996138253839 0.032088268485272221 0.019362228398457151 0.011593298179157399 0
43 1 1 13464489.152000001 -27998359.895630162 -142374371.83966577 -5856458.0539316144 29.376914064573356 -6.324445442275449 3.9219759437081056 1971.9563789232047 4.4741312931196306e-17 3.7685027059126216e-17 1.8095665486528412e-17 0
44 1 2 16056489.152000001 48493854.415154807 -137899576.74712354 4654630.508810157 28.225175583023518 9.6373865366812037 3.9925375435602191 1971.9563789232047 0 0 0 0
45 1 4 24696489.152000003 127070799.1745178 73158019.289468169 18399540.12508744 -14.777564065339897 25.800549697640889 -1.6499826343591033 1971.9563789232047 0 0 0 0
