[11:50:57] skeletons: 8 routes, covered 67, J 241.4199; 05:9@670 09:9@734 13:9@668 01:8@647 03:8@642 06:8@678 10:8@653 12:8@664
[11:50:57] --- 06: pool 32 assigned + 199 shared @ 0.35
[12:01:42]     06 segments: 0:16->108st/5fb 1:108->193st/8fb 2:224->559st/14fb 3:34->887st/21fb 4:240->67st/23fb 5:145->124st/25fb 6:86->364st/30fb 7:254->77st/31fb 8:None->80st/32fb
[12:01:42]   06: segmented beam 1000 drmax 0.15 half 45: 80 final states, deepest 32  (645 s)
[12:01:42]   06: Pareto 29:893 30:894 31:902 32:916
[12:01:51]     32 fb: planner 916 -> twin 917 kg (32 fb, 32 new), 0.516 km/s/fb, J_i 1.277, value -11.523 (9 s)
[12:01:59]     31 fb: planner 902 -> twin 903 kg (31 fb, 31 new), 0.514 km/s/fb, J_i 1.263, value -11.137 (8 s)
[12:02:05]     30 fb: planner 894 -> twin 896 kg (30 fb, 30 new), 0.521 km/s/fb, J_i 1.256, value -10.744 (7 s)
[12:02:05] [06] 8 waypoints -> 32 flybys (32 new), tank 917, J_i 1.277; fleet covered 32, uncovered 266, fleet J 269.277  (668 s)
[12:02:05] FINAL: 1 routes, covered 32, J 269.2772; 06:32@917; leftovers 266: [1, 2, 3, 4, 5, 7, 8, 9, 10, 11, 12, 13, 14, 15, 17, 18, 19, 20, 21, 22, 23, 24, 25, 26, 27, 28, 29, 30, 31, 32, 33, 36, 37, 38, 39, 40, 41, 42, 43, 44, 45, 46, 47, 48, 49, 50, 51, 52, 53, 54, 55, 56, 57, 58, 59, 60, 61, 62, 63, 64, 65, 66, 68, 69, 70, 71, 72, 73, 74, 77, 78, 79, 80, 81, 82, 83, 84, 88, 89, 90, 91, 92, 93, 94, 95, 96, 97, 99, 100, 101, 102, 103, 104, 105, 107, 109, 110, 111, 112, 113, 114, 115, 116, 117, 118, 119, 120, 121, 122, 123, 124, 125, 126, 127, 128, 129, 130, 132, 133, 135, 136, 137, 138, 139, 140, 141, 142, 143, 147, 148, 149, 150, 151, 152, 155, 156, 157, 158, 159, 160, 161, 162, 163, 164, 165, 166, 167, 168, 169, 170, 171, 172, 173, 174, 175, 176, 177, 178, 179, 180, 181, 182, 183, 184, 185, 186, 187, 188, 189, 190, 191, 192, 193, 194, 195, 196, 198, 199, 200, 201, 202, 203, 204, 205, 206, 207, 208, 209, 210, 211, 212, 213, 214, 215, 216, 217, 218, 219, 220, 221, 223, 226, 227, 228, 229, 230, 232, 233, 234, 235, 236, 238, 239, 241, 242, 243, 244, 245, 246, 247, 249, 251, 252, 253, 255, 256, 258, 260, 261, 262, 263, 264, 265, 266, 267, 268, 270, 271, 272, 273, 274, 275, 276, 277, 278, 279, 280, 281, 282, 283, 284, 285, 286, 287, 288, 289, 290, 291, 292, 293, 294, 295, 296, 297, 298, 299]
[12:02:05] sum J_i 1.277 -> J 3.277 if the leftovers insert for free, 269.277 as misses
