1 1 0 50112000 93285285.217107534 -120156044.84038728 6986.5668213426507 22.54132807237314 20.174848155980829 -1.8824173139052003 2000 0 0 0 0
2 1 1 50198400 95219621.344807461 -118396090.9158123 -155647.63057630521 22.233735481181149 20.564101137829098 -1.882174579518709 2000 0 0 0 0
3 1 1 50284800 97127012.107506737 -116602485.84208639 -318192.42179319414 21.917243908819195 20.955252088313248 -1.8800266430647474 1999.661079645748 -0.051129993126969718 0.21064032567382501 0.045938550795305226 0
4 1 1 50371200 99006700.865793437 -114775133.8412683 -480494.91451150476 21.592973447286454 21.343144235604978 -1.8770146872361084 1999.2491480461235 -0.035663032336771733 0.12832687536570853 0.029471211800434636 0
5 1 1 50457600 100858075.74937883 -112914580.54581054 -642534.73352894839 21.261642173910754 21.724619908279479 -1.8737618288618938 1998.9237560539245 -0.045481376523806814 0.15428591896261026 0.036570751661033227 0
6 1 1 50544000 102680496.41718887 -111021246.46144356 -804260.39416331216 20.922820555100749 22.101614794143291 -1.8698108686445065 1998.572720568322 -0.045844764895532741 0.13943684347011573 0.034829483385917029 0
7 1 1 50630400 104473331.97510013 -109095584.52529031 -965624.25223128987 20.576798947511552 22.472978822912424 -1.8653744004522204 1998.2486438954681 -0.04785637124256939 0.13138326282770069 0.034553260352061792 0
8 1 1 50716800 106235960.14172313 -107138075.61498678 -1126581.5666081663 20.223586484573691 22.83878608858064 -1.8603999721924629 1997.9387326110477 -0.04993404218401884 0.12334041860767669 0.034272903757800462 0
9 1 1 50803200 107967762.64869627 -105149207.22948247 -1287085.8948608285 19.863253649714856 23.198866270417493 -1.8548883098913338 1997.6431738853128 -0.052075173578463897 0.11530691846220112 0.033988060427945582 0
10 1 1 50889600 109668127.37616017 -103129481.00870115 -1447090.7454401788 19.49587248259035 23.553061563111669 -1.848837728024707 1997.3614366543945 -0.054277104494269111 0.10728163066069488 0.033698361797219453 0
11 1 1 50976000 111336448.62007172 -101079412.20850818 -1606549.4915992469 19.121519464134892 23.901214614817626 -1.8422467843489898 1997.0929090445111 -0.056537035604070862 0.099263755493879724 0.033403342762743003 0
12 1 1 51062400 112972127.47748348 -98999529.654552475 -1765415.3928870303 18.740275551441023 24.243168689414329 -1.8351142908845537 1996.8368849676901 -0.05885203503631125 0.091252860580601294 0.033102435390818891 0
13 1 1 51148800 114574572.23455776 -96890375.681899801 -1923641.6175912034 18.352226206226479 24.578767833219768 -1.8274393249414498 1996.5925499377838 -0.061219035906620554 0.083248929381597669 0.032794957412895724 0
14 1 1 51235200 116143198.75676906 -94752506.060059279 -2081181.2661437406 17.957461416936166 24.907857046380169 -1.8192212403543073 1996.3589669709634 -0.063634838833192112 0.075252416531587568 0.032480104198135143 0
15 1 1 51321600 117677430.88072132 -92586489.903002843 -2237987.3954975931 17.556075713933581 25.230282458851452 -1.8104596786723641 1996.1350639985581 -0.06609612508549946 0.067264307661745529 0.03215694763361588 0
16 1 1 51408000 119176700.80695361 -90392909.563789442 -2394013.0444547003 17.148168177035931 25.545891510720697 -1.8011545799130955 1995.9196248799608 -0.06859948554020906 0.059286178120758752 0.031824445451313708 0
17 1 1 51494400 120640449.49303231 -88172360.513442904 -2549211.2598841949 16.733842434435282 25.854533136229723 -1.7913061923006173 1995.7112867038786 -0.071141470944520585 0.051320239119613253 0.031481465948714864 0
18 1 1 51580800 122068127.04613727 -85925451.203811213 -2703535.1237119716 16.31320665186702 26.15605795030535 -1.7809150802550104 1995.5085463125358 -0.073718667000249635 0.043369357707601766 0.031126830127442964 0
19 1 1 51667200 123459193.11424899 -83652802.914266065 -2856937.7804968217 15.886373510882477 26.450318435728256 -1.7699821298531744 1995.3097784961508 -0.076327791791112445 0.035437033904660187 0.030759371157280495 0
20 1 1 51753600 124813117.27495548 -81355049.582291529 -3009372.4653448616 15.453460175371573 26.737169128437078 -1.7585085511168632 1995.1132667941231 -0.078965805988535823 0.027527323404554663 0.030378004877028297 0
21 1 1 51840000 126129379.42084658 -79032837.618244186 -3160792.5318733603 15.01458824606754 27.016466798173859 -1.7464958768663297 1994.9172453895847 -0.081630019935005099 0.019644704568441095 0.029981800277646877 0
22 1 1 51926400 127407470.14047471 -76686825.704799175 -3311151.4799352242 14.56988370356048 27.28807062195639 -1.7339459584224133 1994.7199478599985 -0.08431817887772354 0.011793903739406381 0.02957003647531645 0
23 1 1 52012800 128646891.09393866 -74317684.581780806 -3460402.982863836 14.119476841093704 27.551842348776312 -1.7208609589734107 1994.5196566218299 -0.087028512527253771 0.0039797058145256943 0.029142235601717588 0
24 1 1 52099200 129847155.38228051 -71926096.817157343 -3608500.9140850687 13.663502188831872 27.807646455222081 -1.7072433457673186 1994.3147466805715 -0.089759744779882009 -0.0037932185464179865 0.028698166660950902 0
25 1 1 52185600 131007787.91003154 -69512756.564952955 -3755399.3730472592 13.202098431265318 28.055350292950568 -1.6930958823112596 1994.1037188871137 -0.092511069384424077 -0.01152044508243406 0.028237824199330606 0
26 1 1 52272000 132128325.74037318 -67078369.310710296 -3901052.7105110409 12.735408319016273 28.294824229701188 -1.6784216214681791 1993.8852205558212 -0.095282104212194935 -0.01919787599672625 0.027761390744697287 0
27 1 1 52358400 133208318.44246276 -64623651.604980744 -4045415.5533000063 12.263578575738988 28.525941785709797 -1.6632238999224258 1993.6580539166753 -0.098072838046119742 -0.026821770964607989 0.027269192907957499 0
28 1 1 52444800 134247328.4305118 -62149330.785171434 -4188442.8286359478 11.786759800289433 28.748579767029106 -1.647506334079234 1993.4211746480717 -0.10088358044677481 -0.034388740812669814 0.02676165972977463 0
29 1 1 52531200 135244931.29420143 -59656144.685971364 -4330089.7881745035 11.305106363986141 28.962618396671122 -1.6312728171791948 1993.1736834465148 -0.10371492151146799 -0.041895718270117739 0.026239287813070885 0
30 1 1 52617600 136200716.11999756 -57144841.338527396 -4470312.0318316771 10.818776302636513 29.16794144389992 -1.6145275172807112 1992.9148134675743 -0.10656770286737727 -0.049339918084718853 0.025702614914140665 0
31 1 1 52704000 137114285.8028996 -54616178.658532985 -4609065.5314602945 10.327931203019414 29.364436351531424 -1.5972748757452682 1992.6439159068759 -0.10944299934011729 -0.056718796019017852 0.025152201483815161 0
32 1 1 52790400 137985257.3481341 -52070924.123419963 -4746306.6544052763 9.8327360836041215 29.551994360790193 -1.5795196058978385 1992.3604453067651 -0.1123421090247495 -0.06403001185370584 0.024588619121462024 0
33 1 1 52876800 138813262.16228801 -49509854.438889407 -4881992.1869414654 9.3333592694222656 29.730510633121089 -1.56126669161357 1992.0639455664416 -0.11526654904548327 -0.071271399048369363 0.024012443597882214 0
34 1 1 52963200 139597946.33338192 -46933755.195073202 -5016079.3575796671 8.8299722611327063 29.89988436830264 -1.5425213856557087 1991.7540371721057 -0.118218055104682 -0.078440941623799901 0.023424251522389018 0
35 1 1 53049600 140338970.89938289 -44343420.512673497 -5148525.8602137584 8.3227495984291053 30.06001891822083 -1.523289207643838 1991.4304058515233 -0.12119858267163804 -0.085536758023676634 0.022824619102901525 0
36 1 1 53136000 141036012.10468021 -41739652.679481223 -5279289.8770737192 7.8118687180233533 30.210821895704076 -1.5035759415843231 1991.0927926657685 -0.12421030902657555 -0.092557091126763011 0.02221412224522323 0
37 1 1 53222400 141688761.64406663 -39123261.777724363 -5408330.1014448572 7.2975098064995505 30.352205277890537 -1.4833876329232136 1990.74098544554 -0.12725563491579275 -0.099500303044984403 0.021593337397385982 0
38 1 1 53308800 142296926.89375481 -36495065.302784562 -5535605.7600861927 6.7798556473372891 30.484085502500921 -1.4627305844916443 1990.3748113487272 -0.13033718534374086 -0.10636487460380331 0.02096284207546999 0
39 1 1 53395200 142860231.13930675 -33855887.762826845 -5661076.6349329613 6.2590917233348167 30.606383835703308 -1.4416113456705602 1989.9941494404004 -0.13345722768875465 -0.1131487732536213 0.020322867196796521 0
40 1 1 53481600 143378413.61139545 -31206560.46133649 -5784703.0983014405 5.7354004486243024 30.719020469714334 -1.420037108075006 1989.5985164846181 -0.13675371296779584 -0.11999486862378134 0.01966527427822666 0
41 1 3 53554276.325047083 143779168.35413468 -28970803.837058358 -5887236.011992339 5.2927711578815657 30.806240958827516 -1.4015418653702483 1989.2545963995954 0 0 0 26
42 1 1 53568000 143851229.76729599 -28547920.996644709 -5906446.1205624947 5.2089847664103548 30.821939927859042 -1.3980137412701243 1989.1887935595323 -0.13901902249055295 -0.12561105952803223 0.019089715659611036 0
43 1 1 53654400 144278449.69057858 -25880800.39504407 -6026263.074458831 4.6799880341465458 30.915381859776296 -1.3754442704574779 1988.7727042623553 -0.13644534161082775 -0.1259290686014515 0.018905711809716418 0
44 1 1 53740800 144659944.74625587 -23206078.299575932 -6144145.6273822486 4.1513641121237228 30.997240761680203 -1.353627008423232 1988.3477506666095 -0.029608775530274425 -0.21155256016539231 -0.032528983735473659 0
45 1 1 53827200 144995822.50438243 -20524813.717289932 -6260192.3457679469 3.6232583685713031 31.067476858826709 -1.3325546651202711 1987.8656632837681 -0.028984489084923584 -0.21061714866984596 -0.032044976405924894 0
46 1 1 53913600 145285984.9703621 -17837889.59351721 -6374393.782667337 3.0931872278966979 31.128230530112617 -1.3109195504979319 1987.3933866205866 -0.028260624997530476 -0.20957866329724884 -0.031546975113420792 0
47 1 1 54000000 145530280.18703467 -15146134.345603837 -6486705.9391640425 2.5615511679581355 31.179301599829444 -1.288822466306875 1986.9238515074517 -0.027460968759599396 -0.2084357369040547 -0.03103091532636218 0
48 1 1 54086400 145728581.94920924 -12450386.248079654 -6597089.2022677092 2.0285587839140038 31.220651626127491 -1.2662704421422095 1986.4573031281686 -0.026589853055064828 -0.20719008952220724 -0.030498705360172497 0
49 1 1 54172800 145880782.11592147 -9751486.6740646772 -6705504.5809598509 1.4944195823621129 31.252247330572928 -1.2432708372713335 1985.9939795531659 -0.025654555218520912 -0.20584333501294405 -0.029951328234548345 0
50 1 1 54259200 145986790.67671877 -7050279.6476558018 -6811913.73270489 0.95934371966001653 31.274060628702987 -1.2198313030159353 1985.5341115118229 -0.024662065864994451 -0.20439733309429367 -0.029389810602988817 0
51 1 1 54345600 146046535.8014605 -4347611.3946662107 -6916278.9885538034 0.42354185395379107 31.28606864077793 -1.1959597793076955 1985.0779220168233 -0.023619195407411298 -0.20285417463934044 -0.028815185864320827 0
52 1 1 54432000 146059963.8769207 -1644329.8926390936 -7018563.3778065406 -0.11277501101176021 31.288253697778508 -1.1716644883010336 1984.6256260392122 -0.022532559962978586 -0.20121616806636292 -0.028228491498514457 0
53 1 1 54518400 146027039.52993309 1058715.5794224234 -7118730.6521095727 -0.64939568119388746 31.280603341983408 -1.14695392767999 1984.1774302343731 -0.021408568736843631 -0.19948582584800426 -0.027630766296905744 0
54 1 1 54604800 145947745.6371538 3760674.8911430226 -7216745.3089595921 -1.1861089267060525 31.263110322183692 -1.1218368636078837 1983.7335327144178 -0.020253413063145091 -0.19766585031185152 -0.027023047661079207 0
55 1 1 54691200 145822083.32152227 6460697.5102200229 -7312572.6145832762 -1.7227036352443805 31.235772583592649 -1.0963223233386905 1983.2941228633558 -0.019073056675508581 -0.19575911982368183 -0.026406369118168918 0
56 1 1 54777600 145650071.93551654 9157932.9507692456 -7406178.6261648638 -2.2589689643029716 31.198593252511035 -1.0704195875112255 1982.859381191332 -0.017873227353950274 -0.19376867463671044 -0.025781757984106462 0
57 1 1 54864000 145431749.03131706 11851531.220122235 -7497530.2133948132 -2.7946944920016001 31.151580615824706 -1.0441381821423681 1982.4294792249339 -0.016659409847035234 -0.19169770289457708 -0.025150233032971085 0
58 1 1 54950400 145167170.3180041 14540643.263631631 -7586595.0793141266 -3.3296703663494118 31.094748095415373 -1.0174878703309238 1982.0045794306188 -0.015436839957479942 -0.18954952656160956 -0.024512802143196535 0
59 1 1 55036800 144856409.60593292 17224421.407049056 -7673341.7804301996 -3.8636874527719272 31.028114217570955 -0.99047864369787386 1981.5848351683612 -0.014210499791517959 -0.18732758765341534 -0.023870460459991881 0
60 1 1 55123200 144499558.7384443 19902019.796047483 -7757739.7460824745 -4.3965374797312746 30.951702577495244 -0.9631207135791251 1981.1703906731507 -0.012985114016175189 -0.18503543427804336 -0.023224188176685569 0
61 1 1 55209600 144096727.51108086 22572594.832469407 -7839759.2970367875 -4.928013182274749 30.865541799020995 -0.93542450198435123 1980.7613810620703 -0.01176514721506198 -0.18267670714372417 -0.02257494873521039 0
62 1 1 55296000 143648043.57849696 25235305.606890693 -7919371.6632894827 -5.457908443355806 30.769665489634896 -0.90740063234854207 1980.357932364599 -0.010554802293285613 -0.18025512605553193 -0.021923687108136827 0
63 1 1 55382400 143153652.34925956 27889314.327100608 -7996549.0010639606 -5.9860184327685566 30.664112190936645 -0.87905992008833422 1979.9601615744762 -0.0093580195812487613 -0.17777447666923238 -0.021271327978342407 0
64 1 1 55468800 142613716.86875421 30533786.742108475 -8071264.4089835212 -6.5121397435461938 30.548925324650771 -0.85041336298315551 1979.568176721014 -0.008178477029692089 -0.17523859766768354 -0.020618774279954861 0
65 1 1 55555200 142028417.69042033 33167892.561298348 -8143491.9434064152 -7.0360705256846332 30.424153134324293 -0.82147213140353048 1979.1820769583376 -0.0070195911964704601 -0.1726513679259655 -0.019966905722386373 0
66 1 1 55641600 141397952.7355538 35790805.868364856 -8213206.6329104761 -7.5576106170520756 30.289848622845167 -0.79224755839922389 1978.801952671038 -0.0058845189806238608 -0.1700166942837015 -0.019316577329449434 0
67 1 1 55728000 140722537.14192489 38401705.529675163 -8280384.4919161033 -8.0765616713538222 30.146069485921963 -0.76275112967001424 1978.4278855948012 -0.004776160131260628 -0.16733849934161002 -0.018668618325727897 0
68 1 1 55814400 140002403.10147193 40999775.596714221 -8345002.5334383529 -8.5927272830277772 29.992878041668572 -0.73299447343781299 1978.0599489506576 -0.0036971603980202579 -0.16462070997119765 -0.018023830898668155 0
69 1 1 55900800 139237799.68734124 43584205.702283278 -8407038.7809602581 -9.1059131089574095 29.830341156442131 -0.70298935023523412 1977.698207591616 -0.0026499155405612313 -0.16186724586306153 -0.017382989174768337 0
70 1 1 55987200 138428992.67055097 46154191.450134449 -8466472.2794209868 -9.6159269868914059 29.658530167091762 -0.67274764263095999 1977.3427181608147 -0.0016365757119188109 -0.15908200863344649 -0.016746838271682118 0
71 1 1 56073600 137576264.32657155 48708934.79773809 -8523283.1053142361 -10.122579050465736 29.477520799769874 -0.64228134491096056 1976.9935292599264 -0.00065905060307226574 -0.15626887135172257 -0.016116093527040559 0
72 1 1 56160000 136679913.23211688 51247644.431892589 -8577452.3758937959 -10.625681840736826 29.287393085464494 -0.61160255273152253 1976.6506816268668 0.00028098492829446307 -0.15343166850638282 -0.015491439689634259 0
73 1 1 56246400 135740254.05245358 53769536.136900507 -8628962.2574844249 -11.125050414136014 29.088231272417669 -0.58072345276075665 1976.3142083221071 0.0011820847480827627 -0.15057418629095212 -0.014873530325913256 0
74 1 1 56332800 134757617.31954032 56273833.155049056 -8677795.9728980418 -11.620502446766842 28.88012373559199 -0.5496563123282282 1975.9841349227042 0.0020430248014868596 -0.14770015351359281 -0.014262987310009766 0
75 1 1 56419200 133732349.20131662 58759766.53914652 -8723937.807956554 -12.111858334972775 28.663162883351088 -0.51841346909893538 1975.660479723334 0.0028627961079449845 -0.14481323280596295 -0.013660400412728016 0
76 1 1 56505600 132664811.26246583 61226575.496882044 -8767373.1171241272 -12.598941292110968 28.43744506151878 -0.48700732078676412 1975.3432539435573 0.0036405972935924713 -0.14191701255474473 -0.013066326939031153 0
77 1 1 56592000 131555380.21698332 63673507.726788379 -8808088.328252973 -13.081577441472003 28.203070454983934 -0.45545031492364829 1975.0324619406636 0.0043758269434915351 -0.13901499909100726 -0.012481291522805308 0
78 1 1 56678400 130404447.67288406 66099819.74560377 -8846070.9464482162 -13.55959590529852 27.960142987022728 -0.42375493870204395 1974.728101427678 0.0050680753595764051 -0.13611060947010398 -0.011905786029887377 0
79 1 1 56764800 129212419.86938955 68504777.206842408 -8881309.5570588354 -14.032828889861062 27.708770216502398 -0.39193370890306239 1974.4301636958194 0.005717116292060051 -0.13320716480781752 -0.011340269442704316 0
80 1 1 56851200 127979717.40693586 70887655.21039781 -8913793.8278026041 -14.501111766550888 27.449063233132684 -0.35999916192704168 1974.1386338407881 0.0063228983547206803 -0.13030788412922514 -0.010785168025806086 0
81 1 1 56937600 126706774.9703479 73247738.603017807 -8943514.5100347195 -14.9642831489654 27.181136550935129 -0.32796384394120592 1973.8534909925695 0.0068855361768147957 -0.12741587861616727 -0.010240875407243466 0
82 1 1 57024000 125394041.0455281 75584322.269504011 -8970463.439170558 -15.422184965962989 26.905108000094778 -0.29584030115484433 1973.5747085482335 0.0074053015076044485 -0.12453414653522121 -0.0097077528028031469 0
83 1 1 57110400 124041977.63000718 77896711.414503559 -8994633.5342743266 -15.87466253067165 26.621098617357429 -0.26364107023775402 1973.3022544071912 0.007882614115024375 -0.12166556858213981 -0.009186129366075187 0
84 1 1 57196800 122651059.93770841 80184221.834773764 -9016018.7968264949 -16.321564605444234 26.329232535135141 -0.23137866889523928 1973.0360912084925 0.0083180326297791138 -0.11881290386651724 -0.0086763026115657324 0
85 1 1 57283200 121221776.09827411 82446180.181816146 -9034614.3086841106 -16.762743462758014 26.029636869480584 -0.19906558661050797 1972.7761765697255 0.0087122453195588329 -0.11597878630211995 -0.0081785388801396634 0
86 1 1 57369600 119754626.85130611 84681924.214787468 -9050416.2292488329 -17.198054942061873 25.722441607091074 -0.16671427556471494 1972.5224633272278 0.0090660608974143589 -0.11316572155918442 -0.007693073873513907 0
87 1 1 57456000 118250125.23586917 86890803.043612406 -9063421.7918585725 -17.627358502581444 25.40777949149534 -0.13433714174717223 1972.2748997770461 0.009380399292471437 -0.11037608460647357 -0.0072201133315356611 0
88 1 1 57542400 116708796.27560616 89072177.362232611 -9073629.2994196601 -18.050517272098453 25.085785908577197 -0.10194653626528602 1972.0334299162994 0.009656282519618295 -0.10761211766423287 -0.0067598336918835199 0
89 1 1 57628800 115131176.65981179 91225419.671941727 -9081038.1192971524 -18.467398091724647 24.756598771587498 -0.069554746864904093 1971.797993684592 0.0098948256240016606 -0.10487592873487211 -0.0063123829439066517 0
90 1 1 57715200 113517814.42080995 93349914.494768649 -9085648.6774819195 -18.877871556698402 24.420358405790946 -0.037173989669460242 1971.5685272050534 0.010097227704354594 -0.10216949058286846 -0.0058778813964093556 0
91 1 1 57801600 111869268.60797682 95445058.576884225 -9087462.4520537592 -19.281812053233548 24.077207432891797 -0.0048164011456609274 1971.3449630246137 0.010264763222093291 -0.099494640258638495 -0.0054564226317420231 0
92 1 1 57888000 110186108.95874994 97510261.08201696 -9086481.965960376 -19.679097791457171 23.727290655378656 0.027505969695724334 1971.1272303530982 0.010398773342266481 -0.096853079053819596 -0.0050480744213969682 0
93 1 1 57974400 108468915.56695843 99544943.77487807 -9082710.7791329753 -20.069610834479828 23.370754940926982 0.059781168856723715 1970.9152553008673 0.010500657553904195 -0.094246372903950715 -0.0046528797984756272 0
94 1 1 58060800 106718278.54880728 101548541.19460669 -9076153.4799596667 -20.453237123640584 23.007749106991433 0.091997344659620922 1970.7089611145072 0.010571865582301448 -0.091675953306195962 -0.0042708580950204175 0
95 1 1 58147200 104934797.70684388 103520500.81825566 -9066815.6761384029 -20.829866499978309 22.638423805717569 0.12414275480048605 1970.5082684102194 0.010613889446743631 -0.089143118592455994 -0.0039020060622933514 0
96 1 1 58233600 103119082.19223063 105460283.21435294 -9054703.9849317744 -21.199392721982239 22.26293140929981 0.15620577314204856 1970.3130954045821 0.010628255954125084 -0.086649035657616849 -0.00354629904998802 0
97 1 1 58320000 101271750.16564219 107367362.18658106 -9039826.0228462536 -21.561713479679227 21.881425895906435 0.18817489624148331 1970.1233581422409 0.010616519358902139 -0.084194742066844283 -0.0032036922008220016 0
98 1 1 58406400 99393428.457102448 109241224.90762967 -9022190.3947590645 -21.916730405119289 21.494062736288889 0.22003874960974507 1969.9389707201537 0.010580254468225319 -0.081781148566510323 -0.0028741216788214737 0
99 1 1 58492800 97484752.225067958 111081372.04328451 -9001806.6825159919 -22.264349079323551 21.100998781191151 0.25178609369795174 1969.7598455081043 0.010521049998982819 -0.07940904184030706 -0.0025575059668334595 0
100 1 1 58579200 95546364.615061805 112887317.86682723 -8978685.4330238216 -22.604479035762104 20.702392149667251 0.28340582960897615 1969.5858933650582 0.010440502387503072 -0.077079087748620781 -0.0022537471184811801 0
101 1 1 58665600 93578916.418154866 114658590.36382869 -8952838.145861255 -22.937033760432183 20.29840211841103 0.31488700453105922 1969.4170238509255 0.010340209889530253 -0.074791834768972457 -0.0019627321379511761 0
102 1 1 58752000 91583065.729583517 116394731.32742807 -8924277.2604324948 -23.261930688611997 19.889189012202333 0.34621881689234929 1969.2531454335494 0.010221767081482548 -0.072547717700162065 -0.0016843342510888383 0
103 1 1 58838400 89559477.607789576 118095296.44419776 -8893016.1426874548 -23.579091198364669 19.474914095564969 0.37739062123624573 1969.0941656904665 0.010086759784145553 -0.070347061706363068 -0.0014184142833883015 0
104 1 1 58924800 87508823.73415865 119759855.3707038 -8859069.0714329388 -23.888440600871835 19.055739465728969 0.40839193281526676 1968.939991505111 0.0099367603245727344 -0.068190086504970646 -0.0011648220167658173 0
105 1 1 59011200 85431782.073727801 121387991.80087751 -8822451.2242589723 -24.189908127679345 18.63182794698681 0.43921243190546888 1968.7905292571797 0.0097733231862590954 -0.066076910810511008 -0.00092339750968833706 0
106 1 1 59097600 83329036.537125468 122979303.52432251 -8783178.6631044243 -24.483426914937652 18.203342986526835 0.46984196784210258 1968.6456850068128 0.0095979810823940866 -0.064007556937147589 -0.0006939724525699063 0
107 1 1 59184000 81201276.643999934 124533402.47568896 -8741268.3194859605 -24.768933984722977 17.770448551824845 0.50027056277743687 1968.5053646722872 0.0094122413618005635 -0.061981955546236187 -0.00047637149104854049 0
108 1 1 59270400 79049197.188184425 126049914.77525224 -8696737.9794142582 -25.046370223527699 17.333309029669564 0.5304884151631436 1968.3694742009634 0.0092175828004037747 -0.059999950524685784 -0.00027041353748154511 0
109 1 1 59356800 76873497.904839873 127528480.76084059 -8649606.2680210657 -25.315680358009057 16.892089126893559 0.56048590296110623 1968.2379197331691 0.0090154527641334286 -0.058061303975278672 -7.5913008270094207e-05 0
110 1 1 59443200 74674883.139808029 128968755.01126216 -8599892.6339205466 -25.576812928088152 16.446953772876824 0.59025358658435634 1968.1106077587326 0.0088072646788514928 -0.056165701274905118 0.00010731886717212723 0
111 1 1 59529600 72454061.521399826 130370406.36138695 -8547617.3333280031 -25.829720257491996 15.998068023886841 0.61978221157363633 1967.987445265923 0.008594395874750773 -0.05431275618520693 0.00027947293888547252 0
112 1 1 59616000 70211745.634836391 131733117.90904568 -8492801.4139585551 -26.074358421833089 15.545596969313639 0.64906271101406199 1967.8683398825053 0.0083781857069205028 -0.052502016007421617 0.0004407409156988656 0
113 1 1 59702400 67948651.69955042 133056587.01391059 -8435466.6987281758 -26.310687214323348 15.0897056398559 0.67808620769631733 1967.753200008691 0.0081599339593462408 -0.050732966707187223 0.00059131433754105078 0
114 1 1 59788800 65665499.249548934 134340525.28853041 -8375635.7692786632 -26.538670109217033 14.630558917706733 0.70684401602960034 1967.6419349415874 0.0079408996151437549 -0.049005038146095928 0.00073138352911553226 0
115 1 1 59875200 63363010.817028992 135584658.58169279 -8313331.9493479654 -26.75827422308242 14.168321448786916 0.73532764371183335 1967.534454990943 0.0077222997193610865 -0.047317609129937648 0.00086113668349239894 0
116 1 1 59961600 61041911.619429812 136788726.95429367 -8248579.2880063588 -26.969470274000205 13.703157557068305 0.76352879316518107 1967.4306715858731 0.0075053086556523558 -0.045670012567550759 0.00098075900909968422 0
117 1 1 60048000 58702929.25009606 137952484.64789715 -8181402.5427784855 -27.172232538787384 13.235231161024572 0.79143936274336979 1967.3304973721738 0.0072910574649575951 -0.044061540462155852 0.0010904319497013156 0
118 1 1 60134400 56346793.372719035 139075700.04616758 -8111827.1626706459 -27.366538808347478 12.764705692244091 0.81905144771957228 1967.2338462999053 0.0070806334800461741 -0.042491448927281288 0.0011903325469573415 0
119 1 1 60220800 53974235.419712469 140158155.62936631 -8039879.2711218884 -27.552370341245197 12.291744016235052 0.84635734106427418 1967.1406337007975 0.0068750800548750416 -0.040958963035579374 0.0012806328974225966 0
120 1 1 60307200 51585988.294672973 141199647.92210069 -7965585.6488966309 -27.729711815607061 11.816508355448615 0.87334953402138504 1967.050776355012 0.0066753964624546077 -0.039463281682467967 0.0013614997083816901 0
121 1 1 60393600 49182786.079064764 142199987.43451932 -7888973.7169358907 -27.898551279446988 11.339160214541602 0.90002071649329418 1966.9641925466753 0.006482537906790182 -0.038003582272758907 0.0014330940328496295 0
122 1 1 60480000 46765363.743260846 143158998.59714663 -7810071.5191830974 -28.05888009951703 10.859860307898622 0.92636377724459762 1966.8808021076547 0.0062974156321646199 -0.036579025330418596 0.0014955710682555939 0
123 1 1 60566400 44334456.86206346 144076519.68955505 -7728907.7053998141 -28.210692908782388 10.378768489426802 0.95237180393500154 1966.800526448784 0.0061208971075327754 -0.035188759020217279 0.0015490801623901989 0
124 1 1 60652800 41890801.33481884 144952402.7630682 -7645511.5139855072 -28.353987552619476 9.896043684633808 0.9780380829935551 1966.7232885777139 0.0059538062597984959 -0.03383192353962159 0.00159376494304906 0
125 1 1 60739200 39435133.110231727 145786513.55769566 -7559912.7548146723 -28.488765033835737 9.4118438249972485 1.0033560993452677 1966.6490131024541 0.0057969237252352753 -0.032507655374111433 0.0016297636155138274 0
126 1 1 60825600 36968187.915977851 146578731.41349649 -7472141.7921035299 -28.61502945660839 8.9263257846285722 1.028319536002126 1966.5776262194659 0.0056509871162484498 -0.031215091472123289 0.0016572094169272811 0
127 1 1 60912000 34490700.993203156 147328949.17656887 -7382229.5273174532 -28.732787969439311 8.4396453192320351 1.0529222735308235 1966.5090556849912 0.0055166912350794375 -0.02995337323795998 0.0016762312527483459 0
128 1 1 60998400 32003406.835990768 148037073.09986567 -7290207.3821292492 -28.842050707222604 7.951957007356655 1.0771583894102379 1966.4432307681363 0.0053946882350578533 -0.028721650425461095 0.0016869545182277366 0
129 1 1 61084800 29507038.935868256 148703022.73903215 -7196107.2814372499 -28.942830732520282 7.4634141939346685 1.1010221572918366 1966.3800821838886 0.0052855876852786702 -0.027519084881514673 0.00168950210702295 0
130 1 1 61171200 27002329.531419486 149326730.84346491 -7099961.6364510451 -29.035143976141441 6.974168936099737 1.1245080461756889 1966.3195420040822 0.0051899564860789947 -0.026344854089097043 0.001683995588882397 0
131 1 1 61257600 24490009.36305698 149908143.24278703 -7001803.3278515339 -29.119009177119143 6.4843719512735847 1.1476107195157059 1966.2615435438859 0.0051083186385681243 -0.025198154613565858 0.0016705566104120043 0
132 1 1 61344000 21970807.433003034 150447218.72893524 -6901665.6890308782 -29.194447822179736 5.994172567508623 1.170325034268181 1966.2060212210292 0.0050411547300709177 -0.024078205287101508 0.0016493084826992111 0
133 1 1 61430400 19445450.770519134 150943928.93405446 -6799582.489416617 -29.261484084798628 5.5037186760724763 1.1926460398962255 1966.1529103846019 0.0049889012050260183 -0.022984250251501939 0.0016203779396291602 0
134 1 1 61516800 16914664.202415556 151398258.20439145 -6695587.9178832397 -29.320144763935971 5.0131566862581254 1.2145689773440231 1966.1021471096474 0.0049519492538258308 -0.021915561728076391 0.0015838971298107482 0
135 1 1 61603200 14379170.128864473 151810203.47037888 -6589716.5662531909 -29.370459222546689 4.5226314824019589 1.2360892779936432 1966.0536679532709 0.0049306433432099363 -0.020871442610321211 0.0015400057358679721 0
136 1 1 61689600 11839688.304532325 152179774.11310187 -6482003.4128883481 -29.412459325958348 4.0322863830904492 1.2572025626163028 1966.0074096672934 0.0049252792814554287 -0.01985122879265654 0.0014888532958028341 0
137 1 1 61776000 9296935.6250386219 152506991.82733253 -6372483.8063718854 -29.446179380210367 3.5422631025281657 1.2779046403310803 1965.9633088615176 0.0049361018066314379 -0.018854291708170771 0.0014306016827663861 0
138 1 1 61862400 6751625.9187405361 152791890.48131803 -6261193.4492794592 -29.471656070447846 3.0527017139918713 1.2981915075793418 1965.9213016087788 0.004963301613856809 -0.017880042787982119 0.0013654276099880247 0
139 1 1 61948800 4204469.7438346231 153034515.97349337 -6148168.382037987 -29.488928399462235 2.5637406151393418 1.3180593471245183 1965.8813229750458 0.0050070118242993679 -0.01692794296888336 0.0012935253314913823 0
140 1 1 62035200 1656174.1907589585 153234926.086281 -6033444.9668694623 -29.498037626469866 2.0755164953902518 1.3375045270844803 1965.8433064795395 0.0050673038416565053 -0.015997495493936885 0.0012151092653203881 0
141 1 1 62121600 -892557.31012860406 153393190.33719033 -5917059.8718169108 -29.499027206215828 1.5881643061488466 1.3565235999985814 1965.807183516137 0.0051441826820334538 -0.015088223899349648 0.0011304166046640616 0
142 1 1 62208000 -3441025.1756278188 153509389.82746202 -5799050.0548493471 -29.491942728486244 1.101817233540459 1.3751133019310398 1965.7728827150502 0.0052375817868646696 -0.01419967621625428 0.001039709813206588 0
143 1 1 62294400 -5988533.8515677406 153583617.08843005 -5679452.7480427511 -29.476831858106028 0.6166066727915952 1.3932705516077812 1965.7403292010604 0.0053473574594929459 -0.013331436072458755 0.00094327891445682968 0
144 1 1 62380800 -8534391.9895176981 153615975.92574042 -5558305.4418344274 -29.45374427549028 0.13266220428497713 1.4109924495784196 1965.7094437534724 0.0054732830870953117 -0.012483125385342369 0.00084144343217441885 0
145 1 1 62467200 -11077912.618387904 153606581.26158488 -5435645.8693491118 -29.422731617806516 -0.3498884283887535 1.4282762773914028 1965.6801418949203 0.0056150433734163735 -0.011654400443846904 0.00073455395322459787 0
146 1 1 62553600 -13618413.310974531 153555558.97513381 -5311511.9907963825 -29.383847420791582 -0.83091933816298158 1.4451194967654262 1965.6523329437875 0.0057722288538851379 -0.010844944020040695 0.00062299312384660817 0
147 1 1 62640000 -16155216.345507085 153463045.74135098 -5185941.9779405864 -29.337147061250203 -1.3103065123198225 1.4615197487344307 1965.6259190598339 0.0059443310950946663 -0.010054471081114838 0.00050717601941848063 0
148 1 1 62726400 -18687648.862257417 153329188.8683446 -5058974.1986467429 -29.28268770024296 -1.7879278284399154 1.4774748527399784 1965.6007943523666 0.0061307389217024784 -0.0092827204696065407 0.00038754978311644994 0
149 1 1 62812800 -21215043.01529108 153154146.13342237 -4930647.2015122585 -29.220528227483957 -2.2636630685357106 1.4929828055398131 1965.5768441680534 0.0063307360897025345 -0.0085294504193049146 0.00026459245578107354 0
150 1 1 62899200 -23736736.119131215 152938085.61813095 -4800999.7004623692 -29.150729196760153 -2.7373939271874224 1.5080417837174338 1965.5539445473721 0.0065437905065981773 -0.0077942792564105849 0.00013886596175854323 0
151 1 1 62985600 -26252070.791173406 152681185.54209518 -4670070.5604484007 -29.073352806928604 -3.2090040350379119 1.522650104321345 1965.5319629106975 0.0067680661652498161 -0.0070768833648305104 9.6986884823046713e-06 0
152 1 3 63063635.775657348 -28517893.289073769 152414211.30544591 -4550747.3360090945 -28.9970071564452 -3.6330399148800128 1.5354555189333206 1965.5127873344979 0 0 0 205
153 1 1 63072000 -28760395.075707026 152383634.11895064 -4537898.790130171 -28.988462393928618 -3.678378324453107 1.5368061516187903 1965.5107649854142 0.0070093837013583465 -0.0063681859786244559 -0.00011841366232745583 0
154 1 1 63158400 -31261062.723838441 152045629.16501722 -4404522.7841945225 -28.896128082534798 -4.1454115868627692 1.5505275595667012 1965.4901417723204 0.0071107260614648076 -0.0058967814776765244 -0.00015129256971883523 0
155 1 1 63244800 -33753433.029933453 151667378.41539076 -4269986.98140804 -28.796399360644354 -4.6099660668112863 1.5635834979453294 1965.4669374540815 0.0080165252505972878 -0.0041985104244052097 -0.0092352892441165003 0
156 1 1 63331200 -36236869.653861634 151249101.3810032 -4134354.9793189745 -28.689349062717696 -5.0719398278645951 1.5759716435406212 1965.4378929662726 0.0079238539006540824 -0.0040573929466131749 -0.0093203404473512445 0
157 1 1 63417600 -38710744.438762337 150791023.47281924 -3997671.4979631254 -28.575072060790536 -5.5312646107879493 1.5879220721734364 1965.4095441418551 0.0078367843071211109 -0.003909922798642238 -0.0094076204604176573 0
158 1 1 63504000 -41174435.964351691 150293378.27020675 -3859975.1425085538 -28.453637407512879 -5.9878320372233498 1.5994177426042373 1965.3812721003337 0.0077486692953513195 -0.0037661689069821407 -0.0094916163552146837 0
159 1 1 63590400 -43627328.921029046 149756408.48642281 -3721305.2181741814 -28.325117313642412 -6.4415387771237267 1.610458342635571 1965.3530748050807 0.0076601509604822052 -0.0036252615065976426 -0.00957322909498509 0
160 1 1 63676800 -46068814.285597838 149180365.67974472 -3581701.0532128871 -28.189585083415505 -6.8922834215725883 1.6210436582852792 1965.3249490495175 0.0075712986649043301 -0.0034871708500563373 -0.0096524750472565413 0
161 1 1 63763200 -48498289.41486197 148565510.08565024 -3441201.9888006225 -28.047115089079117 -7.339966517207853 1.6311736038236682 1965.29689186154 0.0074821785640568012 -0.0033518657466703379 -0.0097293697156435321 0
162 1 1 63849600 -50915158.135629751 147912110.44821781 -3299847.3681487087 -27.897782718553398 -7.7844905578085566 1.6408482174090169 1965.2689004375954 0.0073928535246997277 -0.0032193141935508221 -0.0098039275976774167 0
163 1 1 63936000 -53318830.830292158 147220443.85223183 -3157676.5259181028 -27.741664325242819 -8.2257599762576543 1.6500676583530232 1965.2409721447125 0.0073033832446540671 -0.0030894834793485609 -0.0098761622277975941 0
164 1 1 64022400 -55708724.518112563 146490795.55603221 -3014728.7778695421 -27.578837178962139 -8.6636811353825784 1.6588322043959716 1965.2131045220574 0.0072138243708071868 -0.0029623403132710471 -0.0099460862082170892 0
165 1 1 64108800 -58084262.932325028 145723458.82520121 -2871043.4107485525 -27.409379417990117 -9.0981623177304733 1.6671422489952845 1965.1852952820793 0.0071242306042636466 -0.0028378509450365822 -0.010013711226797785 0
166 1 1 64195200 -60444876.593139388 144918734.76717854 -2726659.6724040667 -27.233370002261108 -9.5291137143316789 1.6749982986298682 1965.1575423112624 0.0070346528155038612 -0.0027159812564286887 -0.0100790480934147 0
167 1 1 64281600 -62790002.876751319 144076932.16688746 -2581616.7621391704 -27.050888667702154 -9.9564474125052147 1.6824009701226397 1965.1298436704983 0.0069451391674173104 -0.0025966968780481966 -0.010142106760277205 0
168 1 1 64368000 -65119086.080456898 143198367.32345617 -2435953.8212923254 -26.862015881721995 -10.380077382758925 1.6893509879832482 1965.1021975950728 0.0068557352239979495 -0.0024799632717484956 -0.010202896371508672 0
169 1 1 64454400 -67431577.483971417 142283363.88810661 -2289709.9240472415 -26.666832799855804 -10.799919464835302 1.6958491817731085 1965.0746024942994 0.0067664840894135847 -0.0023657458157412344 -0.010261425285530864 0
170 1 1 64540800 -69726935.407052115 141332252.70328423 -2142924.0684693474 -26.46542122356847 -11.215891352953948 1.701896483495025 1965.0470569508257 0.0066774265080209927 -0.0022540098902974607 -0.010317701117775796 0
171 1 1 64627200 -72004625.26352559 140345371.64309636 -1995635.1677666972 -26.257863559217252 -11.627912580299913 1.7074939250089456 1965.0195597196093 0.0065886010039292167 -0.0021447209372186435 -0.010371730778091819 0
172 1 1 64713600 -74264119.611819044 139323065.4551214 -1847882.0417729393 -26.044242778172915 -12.035904502806128 1.7126426354757498 1964.9921097265892 0.0065000439888280009 -0.0020378445306132973 -0.010423520510775422 0
173 1 1 64800000 -76504898.202096716 138265685.60364774 -1699703.4086498891 -25.824642378097412 -12.43979028227751 1.7173438388308617 1964.9647060670875 0.0064117898888498082 -0.0019333464305940939 -0.010473075928703396 0
174 1 1 64886400 -78726448.020099968 137173590.11439747 -1551137.8768070159 -25.59914634537428 -12.839494868902541 1.7215988512891403 1964.937348003944 0.0063238712595141758 -0.0018311926292396549 -0.010520402058754983 0
175 1 1 64972800 -80928263.32779102 136047143.42078626 -1402223.937035122 -25.367839118687009 -13.234944983197593 1.7254090788825693 1964.9100349654109 0.0062363188989897457 -0.0017313494012167721 -0.010565503374490528 0
176 1 1 65059200 -83109845.700899735 134886716.21176624 -1252999.9548512842 -25.130805553738988 -13.626069097427802 1.7287760150320859 1964.8827665428209 0.0061491619691752741 -0.0016337833380384408 -0.010608383843026691 0
177 1 1 65145600 -85270704.063470498 133692685.28129467 -1103504.1630520804 -24.888130889107696 -14.012797416546947 1.7317012381547672 1964.8555424880503 0.0060624280967846358 -0.0015384613769633968 -0.010649046958649995 0
178 1 1 65232000 -87410354.71950838 132465433.37946917 -953774.65447196667 -24.639900713224975 -14.395061858697931 1.7341864093079324 1964.8283627108185 0.0059761434845252009 -0.0014453508277381922 -0.010687495776056969 0
179 1 1 65318400 -89528321.381820068 131205349.06536515 -803849.3749435849 -24.386200932473201 -14.772796035314357 1.7362332698708292 1964.8012272758056 0.005890333018313005 -0.0013544194006561484 -0.010723732957917878 0
180 1 1 65404800 -91624135.198146388 129912826.56160799 -653766.11645671399 -24.127117740387401 -15.145935230862074 1.7378436392649383 1964.7741363996242 0.0058050203614485761 -0.0012656352108933876 -0.01075776080652859 0
181 1 1 65491200 -93697334.774681434 128588265.61071008 -503562.51051246922 -23.862737587951596 -15.514416382258615 1.7390194127141962 1964.7470904476702 0.0057202280570116245 -0.0011789668003736849 -0.010789581295332074 0
182 1 1 65577600 -95747466.197071806 127232071.33319843 -353276.02166927524 -23.593147154977093 -15.878178058007535 1.7397625590456596 1964.7200899308566 0.005635977616480603 -0.0010943831396143049 -0.010819196110514065 0
183 1 1 65664000 -97774083.048989564 125844654.08755615 -202943.94127708959 -23.318433322549918 -16.237160437082874 1.7400751185312984 1964.6931355022525 0.0055522896075850927 -0.0010118536314101577 -0.010846606683116187 0
184 1 1 65750400 -99776746.42836979 124426429.33199792 -52603.381396281322 -23.03868314653327 -16.591305287598402 1.739959200771986 1964.6662279536415 0.0054691837439853402 -0.00093134811497961548 -0.010871814215065346 0
185 1 1 65836800 -101755024.96140465 122977817.4880964 97708.731102501479 -22.753983832110592 -16.940555945294928 1.7394169826238683 1964.6393682120058 0.0053866789600884972 -0.00085283686113561555 -0.010894819723243071 0
186 1 1 65923200 -103708494.81438136 121499243.80627419 247955.66026115345 -22.464422709354412 -17.284857291877401 1.7384507061678829 1964.6125573359648 0.0053047934895845937 -0.00077629056239263421 -0.010915624055918526 0
187 1 1 66009600 -105636739.70345376 119991138.23317271 398100.8665833901 -22.170087209805121 -17.624155733232985 1.7370626767228758 1964.5857965121659 0.0052235449356792781 -0.00070168032915765349 -0.010934227934537244 0
188 1 1 66096000 -107539350.90243357 118453935.28090714 548108.01241423981 -21.871064844043445 -17.958399177560061 1.7352552609024678 1964.5590870516412 0.0051429503437295174 -0.00062897767710777444 -0.010950631976664954 0
189 1 1 66182400 -109415927.24868542 116888073.89821376 697940.96715357038 -21.567443180240293 -18.287537013436552 1.7330308847163929 1964.5324303861453 0.005063026254814044 -0.00055815451384133075 -0.010964836721389499 0
190 1 1 66268800 -111266075.1472106 115293997.34349421 847563.81230748794 -21.259309823666744 -18.611520087855375 1.7303920317161889 1964.5058280644835 0.0049837887760973438 -0.00048918312409990236 -0.010976842663592669 0
191 1 1 66355200 -113089408.57300173 113672153.05975726 996940.84638145193 -20.946752397146909 -18.930300684253467 1.7273412411856894 1964.4792817488276 0.0049052536251901679 -0.00042203615101888564 -0.010986650269326784 0
192 1 1 66441600 -114885549.07174784 112022992.55145872 1146036.5896189918 -20.629858522435772 -19.243832500559847 1.7238811063763426 1964.4527932110486 0.0048274361934445903 -0.00035668658007920596 -0.010994260010965059 0
193 1 1 66528000 -116654125.7589706 110346971.26323628 1294815.7885898876 -20.308715802504281 -19.552070627287431 1.7200142727874264 1964.4263643290433 0.0047503515793910689 -0.00029310772302806388 -0.010999672382805969 0
194 1 1 66614400 -118394775.31766781 108644548.46053423 1443243.4206317132 -19.983411804713338 -19.854971525691443 1.7157434364913726 1964.399997083093 0.0046740146422342595 -0.00023127318778026496 -0.011002887926856088 0
195 1 1 66700800 -120107141.99454172 106916187.11211173 1591284.6981486259 -19.654034044858129 -20.152493006017476 1.7110713425039183 1964.3736935522329 0.0045984400374230469 -0.00017115686994272834 -0.011003907257336822 0
196 1 1 66787200 -121790877.59488451 105162353.77442594 1738905.0727712722 -19.320669972064316 -20.44459420586027 1.7060007831991588 1964.3474559106494 0.0045236422553333227 -0.00011273291938273626 -0.0110027310794737 0
197 1 1 66873600 -123445641.47619623 103383518.47787917 1886070.2393816977 -18.983406954517402 -20.731235568653723 1.7005345967694561 1964.3212864241075 0.004449635649300252 -5.5975724244542409e-05 -0.010999360209850489 0
198 1 1 66960000 -125071100.54060422 101580154.6149184 2032746.1400071234 -18.642332266006328 -21.012378822311998 1.6946756657300475 1964.2951874464165 0.0043764344674354309 -8.5988623290640069e-07 -0.010993795594713373 0
199 1 1 67046400 -126666929.22615451 99752738.829972625 2178898.9675864349 -18.29753307326223 -21.287986958040154 1.6884269154679361 1964.2691614159207 0.0043040528807818624 5.2639800023173944e-05 -0.010986038336811213 0
200 1 1 67132800 -128232809.49704331 97901750.911213428 2324495.1696132147 -17.949096424073673 -21.558024209332157 1.6817913128351176 1964.2432108520309 0.0042325050026896923 0.00010454837472773654 -0.010976089702379718 0
201 1 1 67219200 -129768430.83285408 96027673.684121042 2469501.4516591225 -17.597109236159223 -21.822456031173253 1.6747718647857919 1964.2173383518007 0.0041618049113000119 0.00015489073077914586 -0.010963951149881442 0
202 1 1 67305600 -131273490.21686563 94130992.906838238 2613884.7807814358 -17.241658286778254 -22.081249079462939 1.6673716170572066 1964.1915465865357 0.0040919666617497234 0.00020369163756836931 -0.010949624337817179 0
203 1 1 67392000 -132747692.1234933 92212197.167291805 2757612.388818468 -16.882830203061282 -22.33437119067354 1.6595936528938597 1964.165838298444 0.004023004309480418 0.00025097576921928832 -0.010933111150979993 0
204 1 1 67478400 -134190748.50492579 90271777.782060489 2900651.7755766418 -16.520711453040558 -22.581791361759251 1.6514410918146762 1964.1402162973288 0.0039549319139361066 0.00029676771826381548 -0.010914413707745681 0
205 1 1 67564800 -135602378.77701584 88310228.696968466 3042970.7119128667 -16.155388337362432 -22.823479730329382 1.6429170884228788 1964.1146834573224 0.003887763554086425 0.00034109202237913834 -0.010893534382163674 0
206 1 1 67651200 -136982309.80448422 86328046.389378801 3184537.242715938 -15.786946981662501 -23.059407555098648 1.6340248312579917 1964.0892427136585 0.0038215133269956457 0.00038397318616818516 -0.010870475815707515 0
207 1 1 67737600 -138330275.8854925 84325729.772164285 3325319.6897905366 -15.415473329584911 -23.289547196627151 1.6247675416896128 1964.0638970594759 0.0037561953682775633 0.00042543569899729082 -0.01084524093640064 0
208 1 1 67824000 -139646018.73563987 82303780.099329323 3465286.6546474583 -15.041053136427173 -23.513872098361492 1.6151484728526031 1964.038649542676 0.003691823838804001 0.00046550405651205382 -0.01081783296587196 0
209 1 1 67910400 -140929287.47143799 80262700.873256162 3604407.0212036022 -14.663771963392467 -23.73235676798825 1.6051709086231607 1964.0135032628061 0.0036284129364718828 0.00050420278154069504 -0.010788255440546436 0
210 1 1 67996800 -142179838.59331349 78202997.753548667 3742649.9583952371 -14.283715172430544 -23.944976759109988 1.5948381626351094 1963.9884613679726 0.0035659768942066078 0.00054155643825763288 -0.010756512223878734 0
211 1 1 68083200 -143397435.96819076 76125178.467444748 3879984.9227080103 -13.900967921649801 -24.151708653253735 1.5841535773362978 1963.9635270518031 0.0035045299719964206 0.00057758965849330978 -0.010722607513334554 0
212 1 1 68169600 -144581850.81170142 74029752.721768692 4016381.6606271365 -13.515615161282 -24.352530042221058 1.5731205230842651 1963.9387035504283 0.0034440864638933125 0.00061232714827392739 -0.010686545862445076 0
213 1 1 68256000 -145732861.67006919 71917232.116393417 4151810.2110111238 -13.127741630182211 -24.547419510788473 1.5617423972807543 1963.9139941394938 0.0033846606830406621 0.00064579371173326692 -0.010648332184737198 0
214 1 1 68342400 -146850254.40171382 69788130.059181705 4286240.9073923863 -12.737431852846365 -24.736356619766031 1.5500226235445285 1963.8894021312021 0.0033262669612216418 0.00067801426385947854 -0.010607971774374584 0
215 1 1 68428800 -147933822.15862021 67642961.682375774 4419644.3802080126 -12.344770136928839 -24.919321889422037 1.5379646509218967 1963.8649308713739 0.0032689196421229658 0.00070901384474369436 -0.010565470310569034 0
216 1 1 68515200 -148983365.36751348 65482243.760402836 4551991.5589639535 -11.949840571243069 -25.096296783280561 1.5255719531346481 1963.8405837365426 0.0032126330702070454 0.00073881763423273915 -0.010520833868561993 0
217 1 1 68601600 -149998691.71088153 63306494.629063822 4683253.6743358262 -11.552727024228222 -25.267263692298535 1.5128480278644489 1963.8163641310559 0.0031574215828537536 0.00076745096815595399 -0.010474068937363653 0
218 1 1 68688000 -150979616.10788438 61116234.106073074 4813402.2602094021 -11.153513142865043 -25.4322059194287 1.4997963960732721 1963.7922754842007 0.0031032994991179335 0.00079493934089586485 -0.010425182424788314 0
219 1 1 68774400 -151925960.69518918 58911983.412914649 4942409.1556639727 -10.752282352024299 -25.591107664574054 1.4864206013593675 1963.7683212473337 0.0030502811137316948 0.00082130842465088171 -0.010374181670753794 0
220 1 1 68860800 -152837554.8077673 56694265.097981632 5070246.5069015501 -10.349117854231602 -25.743954009938875 1.4727242093481558 1963.744504891032 0.002998380679141553 0.00084658407927671621 -0.010321074452896685 0
221 1 1 68947200 -153714234.95968711 54463602.960963465 5196886.7691249466 -9.9441026298324289 -25.890730905781393 1.4587108071175245 1963.7208299022514 0.0029476123971105637 0.00087079235859955728 -0.010265868997080705 0
222 1 1 69033600 -154555844.8249391 52220521.978447169 5322302.7083676457 -9.5373194375413011 -26.03142515657283 1.444384002656635 1963.6972997814778 0.002897990407810149 0.00089395951743149993 -0.010208573992468615 0
223 1 1 69120000 -155362235.21832427 49965548.230696447 5446467.4032783555 -9.1288508153596659 -26.16602440756661 1.4297474243580304 1963.6739180398893 0.0028495287711935856 0.00091611202506718668 -0.010149198588390002 0
224 1 1 69206400 -156133264.07643619 47699208.8295734 5569354.2468631109 -8.7187790818468027 -26.294517131781724 1.4148047205422529 1963.6506881965167 0.002802241459888978 0.00093727656778468365 -0.010087752414588702 0
225 1 1 69292800 -156868796.43876916 45422031.847566865 5690936.9481876371 -8.3071863377284547 -26.416892617403803 1.3995595590143106 1963.6276137753864 0.0027561423450593947 0.0009574800559090386 -0.010024245580027498 0
226 1 1 69379200 -157568704.42897815 43134546.247891217 5811189.5340428054 -7.8941544678284714 -26.533140955607053 1.3840156266516415 1963.6046983026658 0.0027112451743621525 0.00097674962891159561 -0.0099586886835682873 0
227 1 1 69465600 -158232867.23631945 40837281.815618917 5930086.3505757749 -7.4797651433082191 -26.643253028799872 1.3681766290227453 1963.5819453037882 0.0026675635727789341 0.00099511265976717149 -0.0098910928199438634 0
228 1 1 69552000 -158861171.09729761 38530769.089810424 6047602.0648895334 -7.064099824199312 -26.747220499296827 1.3520462900359387 1963.5593583005557 0.0026251110132378382 0.0010125967605921619 -0.0098214695878993587 0
229 1 1 69638400 -159453509.27754343 36215539.296604156 6163711.6666133469 -6.6472397622154134 -26.845035798419374 1.3356283516177803 1963.5369408082286 0.0025839008137770597 0.0010292297818752397 -0.0097498310898815003 0
230 1 1 69724800 -160009782.05394599 33892124.283229679 6278390.4694466861 -6.2292660038284833 -26.936692116027437 1.318926573420407 1963.5146963325815 0.0025439461193902924 0.0010450398173634148 -0.0096761899457308079 0
231 1 1 69811200 -160529896.69706234 31561056.452906679 6391614.1126790857 -5.8102593935959295 -27.022183390483598 1.3019447325571523 1963.4926283669224 0.002505259885312396 0.0010600552060933024 -0.0096005592917838313 0
232 1 1 69897600 -161013767.45382386 29222868.700592209 6503358.5626883898 -5.3903005777245507 -27.101504299051594 1.2846866233661141 1963.4707403890809 0.0024678548677194018 0.0010743045321688302 -0.009522952785254838 0
233 1 1 69984000 -161461315.53056115 26878094.349538703 6613600.1144197313 -4.9694700078575504 -27.174650248730757 1.2671560572008256 1963.4490358583457 0.0024317436113093747 0.0010878166255580786 -0.0094433846103282332 0
234 1 1 70070400 -161872469.07636458 24527267.088625126 6722315.3928475892 -4.5478479450715374 -27.24161736752723 1.249356862247619 1963.4275182123622 0.0023969384263241808 0.0011006205622466558 -0.0093618694764457753 0
235 1 1 70156800 -162247163.16679963 22170920.910423245 6829481.3544231849 -4.1255144640699877 -27.302402496163474 1.2312928833689081 1963.4061908639633 0.002363451387478233 0.0011127456622636272 -0.0092784226293838069 0
236 1 1 70243200 -162585339.78799155 19809590.049961291 6935075.2885094369 -3.7025494575600253 -27.357003180226521 1.212967981971965 1963.3850571979349 0.0023312943116909901 0.0011242214916248718 -0.0091930598432560257 0
237 1 1 70329600 -162886947.82109663 17443808.924147066 7039074.818805675 -3.2790326407998638 -27.40541766275604 1.194386035902596 1963.3641205677225 0.0023004787477621537 0.0011350778551274816 -0.0091057974305203127 0
238 1 1 70416000 -163151943.02717224 15074112.07181236 7141457.9047642173 -2.8550435563038108 -27.447644877272442 1.1755509393630361 1963.3433842920394 0.0022710159675992801 0.001145344800888956 -0.0090166522366260764 0
239 1 1 70502400 -163380288.03246066 12701034.094340727 7242202.8430008674 -2.4306615786924883 -27.483684441245693 1.1564666028537007 1963.3228516514062 0.0022429169464210424 0.0011550526130915102 -0.0089256416419394406 0
240 1 1 70588800 -163571952.31409734 10325109.596840538 7341288.2687013922 -2.0059659196756274 -27.51353665000487 1.1371369531379099 1963.3025258845728 0.0022161923599377871 0.001164231809987111 -0.0088327835654271741 0
241 1 1 70675200 -163726912.1862551 7946873.1298251953 7438693.1570259351 -1.5810356331552142 -27.537202471088847 1.1175659332292573 1963.2824101848366 0.0021908525630649164 0.0011729131414223762 -0.0087380964578785067 0
242 1 1 70761600 -163845150.7867336 5566859.1313623674 7534396.8245132882 -1.1559496204367605 -27.554683539037782 1.0977575024010071 1963.2625076962427 0.0021669075868344032 0.0011811275865015924 -0.0086415993051865304 0
243 1 1 70848000 -163926658.06400409 3185601.8696542089 7628378.9304868942 -0.73078663553657808 -27.565982150625622 1.0777156362168656 1963.2428215096436 0.0021443671213344632 0.0011889063453005195 -0.0085433116240934796 0
244 1 1 70934400 -163971430.76471567 803635.38601046416 7720619.4784644404 -0.30562529057318472 -27.571101260533101 1.0574443265826659 1963.2233546586069 0.0021232405092330782 0.0011962808413317127 -0.0084432534603527502 0
245 1 1 71020800 -163979472.42167082 -1578506.5618236037 7811098.8175727846 0.11945593876911406 -27.570044477461135 1.0369475818183516 1963.2041101151653 0.0021035367336163504 0.001203282710856179 -0.0083414453854072958 0
246 1 1 71107200 -163950793.34227616 -3960290.5560224992 7899797.6439699344 0.54437870771610863 -27.562816060684064 1.0162294267496881 1963.1850907853757 0.0020852644084480513 0.0012099438036059173 -0.0082379084935430905 0
247 1 1 71193600 -163885410.59747154 -6341183.5747569492 7986697.002275832 0.9690647968307492 -27.549420917042081 0.99529390281916885 1963.1662995046831 0.0020684317690354529 0.0012162961739108186 -0.0081326643964873893 0
248 1 1 71280000 -163783348.01114407 -8720653.0480294731 8071778.2870134851 1.3934361064029195 -27.529864598372569 0.97414506821550828 1963.147739033056 0.0020530466619275672 0.0012223720795760257 -0.0080257352213633001 0
249 1 1 71366400 -163644636.15002578 -11098166.913306924 8155023.2440620866 1.8174146508134668 -27.504153299379194 0.95278699802121225 1963.1294120498787 0.0020391165381956414 0.0012282039744469337 -0.0079171436021060713 0
250 1 1 71452800 -163469312.31408143 -13473193.670987843 8236413.9721236564 2.2409225528839336 -27.472293855938268 0.93122378437761533 1963.1113211485722 0.0020266484439432522 0.0012338245047412587 -0.0078069126781937122 0
251 1 1 71539200 -163257420.52738264 -15845202.439742289 8315932.9242046624 2.6638820382231634 -27.434293743841337 0.90945953666690216 1963.0934688309178 0.0020156490081558102 0.0012392665051749884 -0.0076950660821792109 0
252 1 1 71625600 -163009011.5294711 -18213663.011761904 8393562.9091140721 3.0862154295823734 -27.39016107797304 0.8874983817104739 1963.0758575010466 0.0020061244432637978 0.0012445629924871871 -0.0075816279404371219 0
253 1 1 71712000 -162724142.76720911 -20578045.907957643 8469287.0929792598 3.5078451412298803 -27.339904611923178 0.86534446398300136 1963.0584894590625 0.001998080531040594 0.0012497471611618725 -0.007466622863083556 0
254 1 1 71798400 -162402878.38711396 -22937822.43314277 8543089.0007810146 3.9286936733565736 -27.283533738031981 0.84300194584184662 1963.0413668942715 0.0019915226177671308 0.0012548523786748279 -0.0073500759346582633 0
255 1 1 71884800 -162045289.22817501 -25292464.731238402 8614952.5179091021 4.34868360652339 -27.221058487867072 0.82047500777110105 1963.0244918779613 0.0019864556028929784 0.0012599121810956495 -0.007232012709667124 0
256 1 1 71971200 -161651452.81514707 -27641445.8405388 8684861.8917394057 4.7677375961621911 -27.152489533131074 0.79776784863973949 1963.0078663556994 0.0019828839420312273 0.0012649602682538921 -0.0071124592004253914 0
257 1 1 72057600 -161221453.35231712 -29984239.749073777 8752801.7332340498 5.1857783671410367 -27.077838186998445 0.77488468597317905 1962.9914921390816 0.0019808116289975444 0.0012700305002840992 -0.006991441876414697 0
258 1 1 72144000 -160755381.71773729 -32320321.450104982 8818757.0185655206 5.602728708404987 -26.99711640587995 0.75182975623788051 1962.975370896901 0.0019802421977179541 0.0012751568905366244 -0.0068689876435474887 0
259 1 1 72230400 -160253335.4579168 -34649166.997793101 8882713.0907659009 6.0185114677038056 -26.910336791613343 0.7286073151383291 1962.9595041456539 0.0019811787112705001 0.0012803736061516697 -0.006745123845831944 0
260 1 1 72316800 -159715418.78296554 -36970253.563072674 8944655.6614023037 6.4330495464176565 -26.817512594078483 0.70522163792563641 1962.9438932393325 0.001983623759788495 0.0012857149588325332 -0.0066198782502806634 0
261 1 1 72403200 -159141742.56218013 -39283059.48977109 9004570.8122793995 6.8462658944920323 -26.718657714235448 0.68167701971739114 1962.9285393584219 0.00198757945005994 0.0012912154055057612 -0.0064932790400032969 0
262 1 1 72489600 -158532424.32006225 -41587064.351008408 9062444.997170141 7.258083505493099 -26.613786707583461 0.65797777582812911 1962.9134434980365 0.0019930474022101206 0.0012969095411491537 -0.0063653547994612153 0
263 1 1 72576000 -157887588.23275891 -43881749.005914032 9118265.0435753688 7.6684254117950372 -26.502914788038904 0.6341282421097022 1962.898606455097 0.002000028748068915 0.0013028321010142849 -0.0062361345117382802 0
264 1 1 72662400 -157207365.12491229 -46166595.656696461 9172018.1545132957 8.0772146799102931 -26.386057832230524 0.61013277530094223 1962.8840288144602 0.0020085241132096442 0.0013090179480148166 -0.0061056475427511058 0
265 1 1 72748800 -156491892.46690589 -48441087.906102158 9223691.9103395734 8.4843744059743891 -26.263232384209413 0.58599575338620724 1962.869710933918 0.0020185336255156053 0.0013155020826302968 -0.0059739236307591531 0
266 1 1 72835200 -155741314.37249473 -50704710.815299176 9273274.2705986612 8.8898277113968973 -26.134455660571771 0.56172157596195216 1962.8556529279349 0.0020300569002578753 0.0013223196274500062 -0.0058409928785208478 0
267 1 1 72921600 -154955781.59680319 -52956950.962221205 9320753.5759072285 9.2934977386897053 -25.999745555992128 0.53731466461075117 1962.8418546500411 0.0020430930365380549 0.0013295058343734613 -0.0057068857408932123 0
268 1 1 73008000 -154135451.53467479 -55197296.500407167 9366118.5498701949 9.695307647484503 -25.859120649164208 0.51277946328215351 1962.8283156737436 0.002057640613909591 0.0013370960791990205 -0.0055716330150508715 0
269 1 1 73094400 -153280488.21935844 -57425237.218371749 9409358.3010298759 10.095180610751028 -25.712600209147386 0.48812043867974009 1962.8150352718437 0.0020736976807475592 0.0013451258571679859 -0.0054352658277103316 0
270 1 1 73180800 -152391062.32151142 -59640264.599541746 9450462.3248488531 10.493039811227767 -25.560204202115525 0.46334208065369453 1962.8020123940589 0.0020912617528527169 0.0013536307850104089 -0.0052978156257038238 0
271 1 1 73267200 -151467351.14850169 -61841871.88279257 9489420.5057269987 10.888808438077302 -25.401953298505607 0.4384489025981867 1962.7892456428001 0.002110329807848429 0.0013626465979782623 -0.0051593141645053632 0
272 1 1 73353600 -150509538.64398903 -64029554.123619802 9526223.1190529726 11.282409683777749 -25.237868880562939 0.41344544185290744 1962.77673324702 0.0021308982698682996 0.0013722091496621213 -0.0050197934978347377 0
273 1 1 73440000 -149517815.38776335 -66202808.255979516 9560860.8332906179 11.673766741262801 -25.067973050279907 0.38833626010803651 1962.7644730340203 0.0021529630154363405 0.0013823544095920937 -0.0048792859669557565 0
274 1 1 73526400 -148492378.59582031 -68361133.154831424 9593324.7121004052 12.0628028013224 -24.892288637724789 0.36312594381196506 1962.7524623991435 0.0021765193545632828 0.0013931184620356988 -0.0047378241892098881 0
275 1 1 73612800 -147433432.12064838 -70504029.699418411 9623606.2164962497 12.449441050276231 -24.710839209757225 0.33781910458106307 1962.7406982733094 0.0022015620315420131 0.0014045375095211694 -0.0045954410468505283 0
276 1 1 73699200 -146341186.45170599 -72631000.837315604 9651697.2070377748 12.83360466793259 -24.52364907912645 0.31242037961077335 1962.7291770883894 0.0022280852099289504 0.0014166478645738264 -0.0044521696755073564 0
277 1 1 73785600 -145215858.716061 -74741551.649281949 9677589.9460581075 13.215216825845159 -24.330743313948524 0.28693443208707498 1962.7178947404636 0.0022560824721560018 0.0014294859590508965 -0.0043080434606216998 0
278 1 1 73872000 -144057672.6791684 -76835189.414946645 9701277.0999272652 13.594200685880292 -24.132147747558232 0.26136595159784981 1962.7068465511138 0.0022855468034496981 0.0014430883342361144 -0.0041630960152923982 0
279 1 1 73958400 -142866858.74575779 -78911423.679363295 9722751.741351001 13.9704793991076 -23.927888988731588 0.23571965454328747 1962.6960272269835 0.0023164705869157423 0.0014574916469788292 -0.0040173611801085926 0
280 1 1 74044800 -141643653.96080157 -80969766.320462599 9742007.3517050315 14.34397610502692 -23.717994432273922 0.21000028454431488 1962.6854308179518 0.0023488455931210891 0.0014727326685685309 -0.0038708730092842964 0
281 1 1 74131200 -140388302.01053587 -83009731.617435917 9759037.8234044816 14.714613931144541 -23.502492269969068 0.18421261284856844 1962.6750506744709 0.0023826629684517392 0.0014888482821309812 -0.0037236657591678685 0
282 1 1 74217600 -139101053.22350186 -85030836.320079729 9773837.4623082709 15.08231599291207 -23.281411501884396 0.15836143873283173 1962.6648794047458 0.0024179132279443199 0.0015058754851627106 -0.0035757738835461772 0
283 1 1 74304000 -137782164.57157654 -87032599.719132677 9786400.9901580289 15.447005394041273 -23.054781948026243 0.13245158990120243 1962.6549088326947 0.0024545862400832644 0.0015238513863398662 -0.0034272320187231572 0
284 1 1 74390400 -136431899.67095932 -89014543.717634007 9796723.5470512509 15.80860522720825 -22.822634260340177 0.10648792287815273 1962.6451299578541 0.0024926712187112229 0.001542813208655174 -0.0032780749782861818 0
285 1 1 74476800 -135050528.783081 -90976192.903333873 9804800.6939481348 16.167038575160859 -22.584999935050028 0.080475323395519424 1962.6355329186476 0.0025321567094110913 0.0015627982849291129 -0.003128337741628409 0
286 1 1 74563200 -133638328.81539841 -92917074.622183964 9810628.4152115956 16.522228512242879 -22.341911325329416 0.054418706772594562 1962.6261069607233 0.0025730305762042254 0.0015838440616123513 -0.002978055446852207 0
287 1 1 74649600 -132195583.32203925 -94836719.05293715 9814203.1211797222 16.874098106349102 -22.093401654299161 0.028323018288326202 1962.6168404122693 0.002615279989956195 0.0016059880929269628 -0.0028272633822213574 0
288 1 1 74736000 -130722582.50425905 -96734659.282883927 9815521.6507700961 17.222570421325276 -21.839505028343471 0.0021932335447672978 1962.6077206684604 0.0026588914129249594 0.0016292680455028397 -0.002675996976909953 0
289 1 1 74822400 -129219623.21067074 -98610431.384752914 9814581.274115039 17.567568519827148 -21.580256450737711 -0.023965641179225314 1962.5987341872665 0.0027038505847013618 0.0016537216906962219 -0.0025242917942956346 0
290 1 1 74908800 -127687008.93720686 -100463574.49480188 9811379.6952269915 17.909015466653024 -21.315691835579898 -0.050148568585015388 1962.5898664988597 0.0027501425098908176 0.0016793869072970703 -0.0023721835231826399 0
291 1 1 74995200 -126125049.82677323 -102293630.89212516 9805915.054693019 18.246834332564308 -21.045848022017807 -0.076350480022955941 1962.581102230663 0.0027977514401786177 0.0017063016764239157 -0.0022197079722059646 0
292 1 1 75081600 -124534062.6685504 -104100146.07920322 9798185.9323973972 18.58094819860862 -20.770762788763008 -0.10256627517384577 1962.5724251497354 0.0028466608573751492 0.0017345040816977538 -0.0020669010588780729 0
293 1 1 75168000 -122914370.89689963 -105882668.86371793 9788191.3502711188 18.911280160960096 -20.490474868883108 -0.12879082174422365 1962.5638182235568 0.0028968534608215476 0.0017640323022423711 -0.0019137988083121188 0
294 1 1 75254400 -121266304.58982792 -107640751.44165762 9775930.7750671264 19.237753336292059 -20.205023964862427 -0.15501895517651648 1962.5552636995108 0.0029483111450061363 0.0017949246125789917 -0.0017604373410734836 0
295 1 1 75340800 -119590200.466965 -109373949.4817346 9761404.1211598609 19.560290867696668 -19.914450763921266 -0.18124547837510913 1962.54674320237 0.0030010149895521089 0.0018272193757990665 -0.0016068528715437922 0
296 1 1 75427200 -117886401.88700475 -111081822.21113712 9744611.7533677686 19.878815931166969 -19.61879695358336 -0.20746516144948399 1962.5382378480269 0.0030549452334460558 0.0018609550391590081 -0.0014530816974574008 0
297 1 1 75513600 -116155258.84456202 -112763932.50263692 9725554.489797255 20.193251742656162 -19.318105237480633 -0.23367274147550274 1962.5297283706716 0.0031100812610860042 0.0018961701287710602 -0.0012991601967094685 0
298 1 1 75600000 -114397127.96639366 -114419846.9630715 9704233.6047063805 20.503521565729578 -19.012419351383524 -0.25986292227610991 1962.5211952596349 0.0031664015834810683 0.0019329032426398424 -0.0011451248215600088 0
299 1 1 75686400 -112612372.50693257 -116049136.02322152 9680650.831386663 20.809548719824608 -18.70178407944503 -0.28603037422250455 1962.51261890148 0.0032238838171746312 0.0019711930441198081 -0.00099101209099217787 0
300 1 1 75772800 -110801362.34308103 -117651374.02909988 9654808.3650611192 21.111256589134026 -18.386245270645798 -0.31216973405702109 1962.5039797225115 0.0032825046674116072 0.002011078251634435 -0.00083685858669502351 0
301 1 1 75859200 -108964473.96820915 -119226139.33466999 9626708.8657966405 21.408568632127949 -18.065849855427057 -0.33827560473906904 1962.4952583269107 0.0033422399033662085 0.0020525976324215346 -0.00068270095021627552 0
302 1 1 75945600 -107102090.48530245 -120773014.39600897 9596355.4614285976 21.701408391730173 -17.740645862497356 -0.36434255531523679 1962.4864356260841 0.0034030643440613188 0.0020957899924875121 -0.00052857587375877561 0
303 1 1 76032000 -105214601.5992015 -122291585.86692992 9563751.750495635 21.989699506164197 -17.410682435799 -0.39036512081479596 1962.477492955521 0.0034649518341956613 0.0021406941602485447 -0.00037452009642001421 0
304 1 1 76118400 -103302403.60787477 -123781444.69607595 9528901.8051823135 22.273365720484431 -17.076009851618721 -0.41633780217211941 1962.4684121763883 0.003527875222808063 0.0021873489828160369 -0.0002205704030757705 0
305 1 1 76204800 -101365899.39266515 -125242186.22549887 9491810.1742672306 22.552330898808016 -16.736679535826713 -0.44225506617718474 1962.4591757601113 0.0035918063464188891 0.0022357933079256874 -6.6763615446828372e-05 0
306 1 1 76291200 -99405498.407448724 -126673410.29073209 9452481.8860742263 22.826519037262951 -16.39274408122786 -0.46811134545543137 1962.4497668552381 0.0036567160041772106 0.0022860659698271339 8.6863411466184094e-05 0
307 1 1 76377600 -97421616.666643575 -128074721.32236654 9410922.45142393 23.095854277667367 -16.044257265007666 -0.49390103847852906 1962.4401693367977 0.0037225739371553211 0.0023382057734308188 0.0002402737913018456 0
308 1 1 76464000 -95414676.732004195 -129445728.44913782 9367137.8665830195 23.36026092195587 -15.691274066254804 -0.51961850960733946 1962.4303678391223 0.0037893488105129394 0.0023922514816582651 0.00039343061310080174 0
309 1 1 76550400 -93385107.698136851 -130786045.60252973 9321134.6162083615 23.619663447367547 -15.333850683541627 -0.54525808916850471 1962.4203477736585 0.0038570081893254645 0.0024482417947316809 0.00054629694277952235 0
310 1 1 76636800 -91333345.176669374 -132095291.62289865 9272919.6762829851 23.873986522411162 -14.972044552543183 -0.57081407356599068 1962.4100953336631 0.0039255185195526945 0.0025062153304151874 0.00069883583311624773 0
311 1 1 76723200 -89259831.279007137 -133373090.36712107 9222500.5170408916 24.123155023622086 -14.605914363674282 -0.59628072542920729 1962.3995974878228 0.003994845105311509 0.0025662106058041952 0.00085101031902168008 0
312 1 1 76809600 -87165014.597606793 -134619070.81776485 9169885.1058773939 24.367094053125776 -14.235520079723411 -0.6216522737991097 1962.3888419648708 0.0040649520893971235 0.0026282660152218674 0.0010027834299479552 0
313 1 1 76896000 -85049350.185697034 -135832867.19378337 9115081.9102417119 24.605728957022347 -13.860922953461476 -0.64692291435365912 1962.3778172311629 0.0041358024351423215 0.0026924198072510383 0.0011541181887952329 0
314 1 1 76982400 -82913299.535374925 -137014119.06272936 9058099.900508333 24.838985344606488 -13.482185545202636 -0.67208680967436341 1962.3665124630113 0.0042073579017705004 0.0027587100586672548 0.0013049776173327484 0
315 1 1 77068800 -80757330.554005027 -138162471.45448214 8998948.5528235026 25.066789108436438 -13.099371740293243 -0.69713808955519763 1962.3549175153489 0.0042795790300311273 0.0028271746527864759 0.0014553247426938316 0
316 1 1 77155200 -78581917.538860247 -139277574.97649306 8937637.8519169129 25.28906644495105 -12.712546766753668 -0.72207085151020423 1962.3430229094452 0.0043524251183938781 0.0028978512489835333 0.0016051225966684296 0
317 1 1 77241600 -76387541.149882928 -140359085.93052983 8874178.2937772777 25.505743878584394 -12.321777211417141 -0.74687916301376789 1962.3308197047229 0.0044260257915212167 0.0029709131426658123 0.0017544184885929124 0
318 1 1 77328000 -74174688.377901986 -141406666.42816162 8808580.892002875 25.716748350396731 -11.927130964976113 -0.7715569554301297 1962.3182932546838 0.004501482673905737 0.003047682952584584 0.0019053591212529958 0
319 1 3 77386505.453600109 -72666021.107087865 -142096596.42491817 8762953.719725484 25.856370983084993 -11.657731546358105 -0.78819042948209128 1962.3096330528979 0 0 0 42
320 1 1 77414400 -71943852.518807471 -142419984.51740968 8740857.1734047383 25.922006816681979 -11.528677727206524 -0.79609864001431752 1962.3054628778418 0.0045588403657823339 0.0031069096712940452 0.0020304161722142756 0
321 1 1 77500800 -69695533.22862117 -143398714.38576359 8671019.0709805284 26.12144486498676 -11.126490020986788 -0.82050058898611855 1962.2924896375064 0.0045485585675103558 0.0031148628306539132 0.0020789910363570021 0
322 1 1 77587200 -67430236.600033477 -144342536.55573165 8599078.8132024948 26.314988746696926 -10.720641305656216 -0.84475867559938966 1962.2795064501699 0.0045295051301298631 0.0031244338466671602 0.0021197823807255489 0
323 1 1 77673600 -65148474.986498967 -145251137.8832278 8525049.0903680809 26.502566911086191 -10.311205132307697 -0.86886680661895532 1962.2665095549635 0.0045121531059913091 0.0031370055278971717 0.0021612360522162179 0
324 1 1 77760000 -62850766.894857913 -146124211.64349353 8448943.1259444859 26.684108388747457 -9.8982565462696233 -0.89281879660894037 1962.2534909395904 0.0044949877917264489 0.0031531902432249525 0.002202462590825233 0
325 1 1 77846400 -60537636.944567502 -146961457.66186491 8370774.6761055943 26.859542680499839 -9.4818722018153458 -0.91660851712888047 1962.2404490826827 0.0044793374911330421 0.0031631064238555702 0.0022399221926762119 0
326 1 1 77932800 -58209615.816050179 -147762582.50291026 8290558.0093168495 27.02880003432578 -9.0621317678032796 -0.94023035299632074 1962.22742546937 0.0044721679546162671 0.0031159890620798139 0.0022554117870893461 0
327 1 1 78019200 -55867240.186421841 -148527299.72175911 8208307.8653615564 27.191811297967448 -8.6391167013891828 -0.96367876021240262 1962.2144695282625 0.0044677871255440768 0.0030517751487155317 0.0022632406606952244 0
328 1 1 78105600 -53511052.692467213 -149255329.90343651 8124039.4906928036 27.348507694893545 -8.212908426486889 -0.98694760792369518 1962.2015866863305 0.0044631483983655403 0.002991763657758678 0.0022710559788981948 0
329 1 1 78192000 -51141601.889819719 -149946400.7100943 8037768.6713866796 27.498821021128293 -7.7835895186558144 -1.0100305985246152 1962.1887717693257 0.004458457312837027 0.0029339332096953376 0.002278148407086884 0
330 1 1 78278400 -48759442.198031917 -150600247.00993228 7949511.737170686 27.64268374497664 -7.3512441933188786 -1.0329214388712196 1962.1760222755524 0.0044536447081027905 0.0028782436972752908 0.0022845193575773987 0
331 1 1 78364800 -46365133.841653049 -151216611.01477075 7859285.5626652623 27.78002902909877 -6.9159582286218635 -1.0556138091215432 1962.1633358672732 0.0044486429124979392 0.0028246553880021804 0.0022901711251080673 0
332 1 1 78451200 -43959242.788681149 -151795242.41577467 7767107.5695797708 27.910790766653967 -6.4778189814035709 -1.078101365229434 1962.1507104649475 0.0044433860753656379 0.0027731268360322086 0.002295106112387606 0
333 1 1 78537600 -41542340.685871929 -152335898.52036449 7672995.7287489055 28.034903617953152 -6.0369153989318534 -1.100377740225972 1962.1381442424317 0.0044378102204169646 0.0027236149566421957 0.0022993268348098896 0
334 1 1 78624000 -39115004.790837131 -152838344.390111 7576968.5620552981 28.152303048118952 -5.5933380299427506 -1.1224365455724554 1962.1256356215144 0.0044318532876572751 0.0026760750889104562 0.0023028359184763818 0
335 1 1 78710400 -36677817.900845662 -153302352.97955301 7479045.1442320095 28.262925365751954 -5.1471790349439965 -1.1442713725882163 1962.1131832659864 0.0044254551772025565 0.0026304610624351701 0.0023056360931959638 0
336 1 1 78796800 -34231368.278240584 -153727705.27587134 7379245.1045383755 28.366707762599976 -4.6985321957388901 -1.1658757939546154 1962.100786075295 0.0044185577880794481 0.0025867252608907602 0.0023077301949677794 0
337 1 1 78883200 -31776249.572385542 -154114190.43935093 7277588.6283025658 28.463588354225802 -4.2474929241258437 -1.1872433652966679 1962.0884431778352 0.0044111050566089148 0.0025448186921207148 0.002309121159371528 0
338 1 1 78969600 -29313060.738054555 -154461605.9445571 7174096.4583240934 28.553506221667174 -3.7941582697278724 -1.2083676268437564 1962.0761539239313 0.004403042991871638 0.002504691057083465 0.0023098120220518808 0
339 1 1 79056000 -26842405.950179793 -154769757.72214842 7068789.8961293371 28.636401454081398 -3.3386269269057052 -1.2292421051707696 1962.0639178785552 0.0043943197110270418 0.0024662908208792308 0.0023098059133242498 0
340 1 1 79142400 -24364894.514872614 -155038460.30124748 6961690.8030731753 28.712215192364891 -2.8809992407073834 -1.2498603150210055 1962.0517348138374 0.0043848854684091386 0.0024295652834865592 0.0023091060576505137 0
341 1 1 79228800 -21881140.776634265 -155267536.95227945 6852821.6012794673 28.780889673736844 -2.4213772118064769 -1.2702157612120126 1962.0396047014058 0.0043746926899636447 0.0023944606542855647 0.0023077157713881922 0
342 1 1 79315200 -19391764.021673236 -155456819.83019489 6742205.2744132932 28.842368277273543 -1.9598645003803778 -1.2903019406256526 1962.0275277046032 0.0043636959954737346 0.0023609221256613872 0.0023056384591983018 0
343 1 1 79401600 -16897388.377248004 -155606150.1179775 6629865.3682775637 28.896595570378746 -1.4965664288795497 -1.3101123442835085 1962.0155041706143 0.0043518522278851585 0.0023288939501150412 0.0023028776115940584 0
344 1 1 79488000 -14398642.706954885 -155715378.17034355 6515825.9912265679 28.943517356173047 -1.0315899836381111 -1.3296404595086218 1962.0035346225413 0.0043391204756870697 0.0022983195147833349 0.0022994368046638796 0
345 1 1 79574400 -11896160.501882358 -155784363.65752715 6400111.8143890211 28.983080721783271 -0.5650438152755336 -1.3488797721745704 1961.9916197514631 0.0043254620889558535 0.0022691414215189692 0.0022953196960063516 0
346 1 1 79660800 -9390579.7675551306 -155812975.70904675 6282748.0716929501 29.015234087510905 -0.097038237838904237 -1.3678237690428119 1961.9797604084997 0.0043108407043180759 0.0022413015632972637 0.0022905300236801688 0
347 1 1 79747200 -6882542.9065928785 -155801093.05734149 6163760.5596848037 29.039927256856302 0.37231477336523383 -1.3864659401890531 1961.967957596911 0.0042952222546011228 0.0022147412074359396 0.0022850716038375078 0
348 1 1 79833600 -4372696.5970108183 -155748604.18116137 6043175.637135068 29.05711146737309 0.84290158530062176 -1.4047997815193616 1961.9562124642619 0.004278574985230761 0.0021894010718964468 0.0022789483292962056 0
349 1 1 79920000 -1861691.666091607 -155655407.44859162 5921020.2244225582 29.06673944232498 1.3146069121440056 -1.4228187973766475 1961.944526294656 0.0042608694620086254 0.002165221409732881 0.002272164166918287 0
350 1 1 80006400 649817.04023949907 -155521411.259588 5797321.8026896222 29.068765443114874 1.7873138216923738 -1.4405165032379643 1961.932900501075 0.0042420785797908801 0.0021421420881534013 0.0022647231577332199 0
351 1 1 80092800 3161170.7926015477 -155346534.18789238 5672108.4127603294 29.063145322453394 2.2609037432862666 -1.457886428503077 1961.9213366178244 0.0042221775667142481 0.0021201026751026331 0.0022566294122095807 0
352 1 1 80179200 5671707.1179692578 -155130705.12219706 5545408.6538137998 29.049836578231933 2.7352564773005397 -1.4749221193744964 1961.9098362931068 0.0042011439865692127 0.0020990425177997568 0.0022478871131988367 0
353 1 1 80265600 8180759.9441680936 -154873863.40641943 5417251.6818047287 29.028798408062269 3.2102502062538236 -1.4916171418291553 1961.898401281728 0.0041789577366213512 0.0020789008291862386 0.0022385005093571138 0
354 1 1 80352000 10687659.749108909 -154575958.9789446 5287667.2076232024 28.999991764442537 3.6857615075876984 -1.5079650846817148 1961.8870334379558 0.0041556010448477081 0.0020596167699709809 0.0022284739189861237 0
355 1 1 80438400 13191733.714814469 -154236952.51069054 5156685.4949858803 28.963379410506459 4.1616653681660569 -1.5239595627393476 1961.8757347085216 0.0041310584603388972 0.0020411295335872708 0.002217811724372657 0
356 1 1 80524800 15692305.886286231 -153856815.54184356 5024337.3580506817 28.918925976310071 4.637835200544739 -1.5395942200477157 1961.8645071257888 0.0041053168483825182 0.0020233784297310968 0.0022065183750000997 0
357 1 1 80611200 18188697.335255854 -153435530.61711103 4890654.1587470844 28.866598015607746 5.1141428610607331 -1.5548627332276894 1961.8533528010776 0.0040783653718266281 0.0020063029684470914 0.0021945983831709519 0
358 1 1 80697600 20680226.328861333 -152973091.41932973 4755667.8038142193 28.806364063065619 5.5904586697895313 -1.5697588149022625 1961.8422739181617 0.0040501954767715263 0.0019898429436031222 0.0021820563249138952 0
359 1 1 80784000 23166208.503283493 -152469502.90126783 4619410.7415390434 28.738194691858883 6.0666514324183032 -1.5842762172127958 1961.8312727269315 0.0040208008749953832 0.0019739385167672312 0.0021688968393467714 0
360 1 1 80870400 25645957.042373296 -151924781.41545317 4481915.95818685 28.662062571595776 6.5425884640814953 -1.5984087354237186 1961.8203515372252 0.0039901775195951127 0.0019585303015817864 0.0021551246274831171 0
361 1 1 80956800 28118782.861295819 -151338954.84185451 4343216.9741165647 28.577942526508153 7.0181356152041872 -1.6121502116145432 1961.809512712832 0.003958323579075643 0.0019435594434239699 0.002140744452330067 0
362 1 1 81043200 30583994.795211099 -150712062.71324262 4203347.839573333 28.485811593846371 7.4931572993972697 -1.6254945384578539 1961.7987586656684 0.0039252394090400992 0.0019289677062182689 0.0021257611389185679 0
363 1 1 81129600 33040899.793006886 -150044156.3380509 4062343.1301510194 28.385649082412353 7.9675165234469745 -1.638435663081816 1961.7880918501187 0.003890927520858367 0.0019146975495432062 0.0021101795729130861 0
364 1 1 81216000 35488803.116092049 -149335298.92055205 3920237.9419173975 28.277436631162676 8.441074919439524 -1.6509675910154682 1961.7775147575455 0.003855392544591833 0.0019006922118577981 0.0020940047022789017 0
365 1 1 81302400 37927008.542253822 -148585565.67816719 3777067.886194956 28.161158267809927 8.9136927790600087 -1.6630843902148822 1961.7670299109725 0.0038186411915675368 0.0018868957888086442 0.0020772415362724107 0
366 1 1 81388800 40354818.574575447 -147795043.9557147 3632869.0839904333 28.0368004673483 9.3852290901023832 -1.6747801951680941 1961.7566398599211 0.0037806822131549399 0.001873253313076738 0.0020598951467823371 0
367 1 1 81475200 42771534.655404292 -146963833.33640856 3487678.1600663606 27.904352210425955 9.8555415752255584 -1.6860492110764898 1961.746347175419 0.0037415263522725204 0.0018597108283943209 0.0020419706670135123 0
368 1 1 81561600 45176457.385354109 -146092045.74940985 3341532.2366481265 27.763805041484432 10.324486732987921 -1.6968857181100621 1961.7361544451694 0.0037011863001520312 0.0018462154703979233 0.0020234732943387535 0
369 1 1 81648000 47568886.747317217 -145179805.57373363 3194468.9267602814 27.615153126582154 10.791919881190436 -1.7072840757337484 1961.7260642688666 0.0036596766410342241 0.0018327155361790423 0.0020044082895208258 0
370 1 1 81734400 49948122.335456036 -144227249.73830926 3046526.3271861081 27.458393310816597 11.257695202555372 -1.7172387271018985 1961.7160792536815 0.0036170137990973374 0.0018191605584316338 0.001984780978417425 0
371 1 1 81820800 52313463.589135528 -143234527.81799385 2897743.0110446597 27.293525175256974 11.721665792765249 -1.7267442035176017 1961.7062020098942 0.0035732159796087555 0.0018055013766390059 0.0019645967520262784 0
372 1 1 81907200 54664210.031749919 -142201802.12533084 2748158.0199798397 27.120551093296633 12.183683710883258 -1.7357951289533937 1961.6964351466681 0.0035283031099330973 0.0017916902057771027 0.0019438610692905781 0
373 1 1 81993600 56999661.514390141 -141129247.79785007 2597810.8559563863 26.939476286332017 12.64360003217319 -1.7443862246296487 1961.6867812679893 0.0034822967738741902 0.0017776807003339666 0.0019225794565457502 0
374 1 1 82080000 59319118.464289278 -140017052.88069874 2446741.4726579138 26.750308878672428 13.101264903333604 -1.752512313646714 1961.6772429687376 0.0034352201450812284 0.0017634280223117384 0.0019007575103242257 0
375 1 1 82166400 61621882.137975372 -138865418.4043963 2294990.2664825842 26.553059951582568 13.556527600157398 -1.7601683256665399 1961.6678228309022 0.0033870979178660878 0.0017488889007302322 0.0018784008991837345 0
376 1 1 82252800 63907254.879052751 -137674558.45750239 2142598.0671322942 26.347743596357908 14.009236587623757 -1.7673493016394091 1961.6585234199465 0.0033379562336514207 0.0017340216893075319 0.0018555153647986933 0
377 1 1 82339200 66174540.380523205 -136444700.25398746 1989606.1277916986 26.134376966330485 14.459239582426122 -1.7740503985711216 1961.6493472813008 0.0032878226067137705 0.0017187864263257127 0.0018321067233423674 0
378 1 1 82425600 68423043.951550856 -135176084.19509533 1836056.1148937691 25.912980327701099 14.906383617935209 -1.7802668943256117 1961.6402969369999 0.0032367258433436252 0.0017031448854206183 0.0018081808695894891 0
379 1 1 82512000 70652072.78856425 -133868963.92548907 1681990.0974690765 25.683577109091932 15.350515111591958 -1.7859941924578815 1961.6313748824527 0.0031846959653452842 0.0016870606269603222 0.0017837437773629405 0
380 1 1 82598400 72860936.250580609 -132523606.38346826 1527450.5360763799 25.446193949712274 15.791479934720856 -1.7912278270718818 1961.6225835833432 0.0031317641226204199 0.0016704990463673893 0.0017588015018953273 0
381 1 1 82684800 75048946.13862814 -131140291.84505105 1372480.2713126207 25.200860746028294 16.229123484749312 -1.7959634676976035 1961.6139254726677 0.0030779625093559598 0.0016534274147786479 0.0017333601839944963 0
382 1 1 82771200 77215416.979131371 -129719313.96171288 1217122.5119009221 24.947610696826814 16.663290759814206 -1.8001969241815379 1961.6054029478998 0.0030233242757321363 0.0016358149239557704 0.0017074260507646724 0
383 1 1 82857600 79359666.311117291 -128260979.79157703 1061420.8223556932 24.686480346562092 17.093826435731483 -1.8039241515844104 1961.5970183682839 0.00296788343804984 0.0016176327200024786 0.0016810054197414796 0
384 1 1 82944000 81481014.977087975 -126765609.8238541 905419.11022447806 24.417509626873436 17.520574945299806 -1.8071412550797976 1961.588774052266 0.0029116747865722561 0.0015988539362896985 0.0016541047007563117 0
385 1 1 83030400 83578787.417397559 -125233537.99632959 749161.61290676601 24.140741896161419 17.94338055990411 -1.8098444948470858 1961.580672275036 0.0028547337913100474 0.0015794537260336351 0.0016267304003764289 0
386 1 1 83116800 85652311.967960581 -123665111.7057032 592692.88405053841 23.856223977109583 18.362087473379173 -1.8120302909520032 1961.5727152662159 0.002797096504459709 0.0015594092834451229 0.0015988891224724261 0
387 1 1 83203200 87700921.161109164 -122060691.81058674 436057.77952791832 23.564006192039038 18.776539888088468 -1.8136952282077432 1961.5649052076642 0.0027387994681721205 0.0015386998687394087 0.0015705875740253123 0
388 1 1 83289600 89723952.029407457 -120420652.62697026 279301.44299192913 23.264142395983068 19.186582103167478 -1.8148360610093996 1961.5572442314074 0.0026798796103181693 0.001517306822377775 0.0015418325682122031 0
389 1 1 83376000 91720746.412221164 -118745381.91597259 122469.29101696094 22.956690007369406 19.592058604875348 -1.8154497181344709 1961.5497344177027 0.0026203741472839645 0.0014952135789754071 0.0015126310262845259 0
390 1 1 83462400 93690651.264830455 -117035280.86369713 -34393.002173782712 22.641710036198823 19.99281415899264 -1.8155333075018605 1961.5423777932278 0.002560320482023099 0.0014724056759950292 0.0014829899815951642 0
391 1 1 83548800 95633018.969865531 -115290764.05301775 -191239.52038994464 22.31926710960937 20.388693905197908 -1.8150841208815744 1961.5351763293929 0.0024997561039506143 0.0014488707563132634 0.0014529165840397318 0
392 1 1 83635200 97547207.650833905 -113512259.42712826 -348024.12156018039 21.989429494717374 20.779543453349063 -1.8140996385473063 1961.5281319407882 0.0024387184847593519 0.0014245985687475814 0.0014224181029941409 0
393 1 1 83721600 99432581.487499848 -111700208.24469364 -504700.45421755308 21.652269118627348 21.165208981590343 -1.8125775338638854 1961.5212464837527 0.0023772449750495426 0.0013995809622086614 0.0013915019312824857 0
394 1 1 83808000 101288511.03286642 -109855065.02644865 -661221.97437817778 21.307861585505528 21.545537336199533 -1.8105156778014651 1961.5145217550798 0.0023153727030052629 0.0013738118757894197 0.0013601755885508475 0
395 1 1 83894400 103114373.53150196 -107977297.49309833 -817541.96280642832 20.956286190613682 21.920376133084222 -1.8079121433681691 1961.5079594908455 0.0022531384693196322 0.0013472873227153312 0.0013284467255744929 0
396 1 1 83980800 104909553.2389446 -106067386.49438085 -973613.5426593041 20.597625931202511 22.289573860830142 -1.8047652099528859 1961.5015613653766 0.0021905786459791277 0.0013200053731108959 0.0012963231275645935 0
397 1 1 84067200 106673441.74190834 -104125825.92916374 -1129389.697501828 20.231967514167131 22.652979985198662 -1.8010733675697652 1961.4953289903453 0.0021277290714694134 0.0012919661261172484 0.0012638127185091235 0
398 1 1 84153600 108405438.27900724 -102153122.65645343 -1284823.2896846191 19.859401360369951 23.010445054965018 -1.7968353209959291 1961.4892639139991 0.0020646249505991343 0.0012631716833256051 0.0012309235652462301 0
399 1 1 84240000 110104950.06170635 -100149796.39720564 -1439867.0790740412 19.480021605540525 23.361820808982916 -1.7920499937939254 1961.4833676205299 0.0020013007521355063 0.0012336261138529466 0.0011976638799963892 0
400 1 1 84326400 111771392.59519871 -98116379.626837239 -1594473.7421246108 19.093926097665268 23.706960284355695 -1.7867165322103404 1961.477641529576 0.0019377901093924699 0.0012033354136315668 0.0011640420257514497 0
401 1 1 84412800 113404189.99890277 -96053417.458348811 -1748595.8912825789 18.701216390784744 24.045717925588924 -1.7808343089420373 1961.4720869958649 0.0018741257217242493 0.0011723074631120722 0.0011300665188245327 0
402 1 1 84499200 115002775.32626563 -93961467.515978545 -1902186.0947088955 18.301997735120658 24.377949694593678 -1.7744029267614991 1961.4667053089972 0.0018103392561480145 0.0011405519771720623 0.0010957460338883041 0
403 1 1 84585600 116566590.88355191 -91841099.799319997 -2055196.8963090132 17.896379063459637 24.7035131814051 -1.7674222219928055 1961.4614976933722 0.0017464612538637028 0.0011080804521007774 0.0010610894064044362 0
404 1 1 84672000 118095088.54729243 -89692896.537847787 -2207580.8360562553 17.484472973726358 25.022267715475262 -1.759892267829855 1961.456465308255 0.0016825210356814751 0.0010749061068876845 0.001026105637029596 0
405 1 1 84758400 119587730.08005975 -87517452.035808399 -2359290.4705947717 17.066395707684102 25.334074477395198 -1.7518133774884537 1961.4516092479955 0.0016185466116969084 0.001041043818594661 0.00099080389520609475 0
406 1 1 84844800 121043987.44423497 -85315372.50744462 -2510278.394107346 16.642267125706699 25.638796610896112 -1.743186107184141 1961.4469305423879 0.0015545645927071319 0.0010065100573992019 0.00095519352137356131 0
407 1 1 84931200 122463343.11342211 -83087275.902536765 -2660497.2594326823 16.212210677572536 25.936299334975644 -1.7340112589275958 1961.4424301571901 0.001490600105067341 0.00097132281078588813 0.00091928403287578101 0
408 1 1 85017600 123845290.38116702 -80833791.722256452 -2809899.7994160475 15.776353369237176 26.226450055990966 -1.7242898831297759 1961.4381089947813 0.0014266767083900222 0.0009355015081604145 0.00088308512381796394 0
409 1 1 85104000 125189333.66662924 -78555560.825342566 -2958438.8484764951 15.334825725548576 26.509118479557063 -1.714023281009037 1961.4339678949896 0.0013628163150947328 0.00089906694080665102 0.00084660667160971193 0
410 1 1 85190400 126494988.81685667 -76253235.224623904 -3106067.3643732332 14.887761748875759 26.784176722084794 -1.7032130067927111 1961.4300076360582 0.0012990391161451637 0.00086204117330794419 0.00080985873683119447 0
411 1 1 85276800 127761783.40530841 -73927477.873926401 -3252738.4501530812 14.43529887362932 27.05149942179057 -1.6918608697058863 1961.4262289357873 0.0012353635089761108 0.00082444745639659442 0.00077285156830809033 0
412 1 1 85363200 128989257.02627017 -71578962.445418119 -3398405.3762602992 13.977577916659612 27.310963849006811 -1.6799689357403411 1961.4226324528136 0.0011718060289552122 0.00078631013269171723 0.00073559560373872798 0
413 1 1 85449600 130176961.58480525 -69208373.097459495 -3543021.6027895072 13.514743023526448 27.562450015619739 -1.6675395291968935 1961.419218788071 0.0011083812857712553 0.00074765453902830641 0.00069810147447382483 0
414 1 1 85536000 131324461.5818857 -66816404.233042739 -3686540.8018618608 13.046941610642229 27.805840783459598 -1.6545752339947539 1961.4159884864016 0.0010451019053869042 0.00070850690596994579 0.00066038000464904126 0
415 1 1 85622400 132431334.39434618 -64403760.248917453 -3828916.8801040552 12.574324303298543 28.041021971466488 -1.6410788947417985 1961.4129420383344 0.00098197847352636146 0.00066889425341945248 0.00062244221535774885 0
416 1 1 85708800 133497170.5493063 -61971155.27551686 -3970104.0012092562 12.097044869594724 28.267882461454022 -1.6270536175599286 1961.4100798820264 0.00091901948678735899 0.00062884428227786334 0.00058429932626508465 0
417 1 1 85795200 134521573.992708 -59519312.907812588 -4110056.6085585952 11.615260150295562 28.486314302292559 -1.612502770660277 1961.4074024053702 0.00085623130830080497 0.00058838526564259318 0.00054596275502438946 0
418 1 1 85881600 135504162.35161862 -57048965.927243061 -4248729.4478813447 11.129129984653787 28.696212812333371 -1.5974299846632034 1961.4049099482729 0.00079361812716626553 0.00054754593427271331 0.00050744412142135996 0
419 1 1 85968000 136444567.18995202 -54560856.01487463 -4386077.5899315709 10.638817132241789 28.897476679895423 -1.5818391526585529 1961.4026028050939 0.00073118192463763807 0.00050635536122367565 0.00046875524547035596 0
420 1 1 86054400 137342434.25726479 -52055733.455970861 -4522056.4531586198 10.144487190845924 29.090008061637036 -1.565734430002127 1961.4004812272526 0.00066892244537013039 0.00046484284336150469 0.00042990814946834369 0
421 1 1 86140800 138197423.73029169 -49534356.83616031 -4656621.8263484668 9.6463085104854205 29.273712678636372 -1.5491202338446333 1961.3985454260087 0.00060683717421307186 0.0004230377827262816 0.00039091505854207845 0
422 1 1 86227200 139009210.44688687 -46997492.729407988 -4789729.8912127456 9.144452103626973 29.448499910005879 -1.5320012423900295 1961.3967955753999 0.00054492131954042057 0.00038096956326989106 0.00035178839927833415 0
423 1 1 86313600 139777484.1320464 -44445915.37801154 -4921337.2449018527 8.6390915516746833 29.614282883868235 -1.5143823938805705 1961.395231815349 0.00048316780037217696 0.00033866742820891696 0.00031254080044777424 0
424 1 1 86400000 140501949.615693 -41880406.364856951 -5051400.9224185143 8.1304029078239299 29.770978565524118 -1.4962688853064001 1961.3938542549392 0.00042156724320405425 0.00029616035649377456 0.00027318509160856189 0
425 1 1 86486400 141182327.041915 -39301754.278184198 -5179878.4189078882 7.6185645963764044 29.918507842645244 -1.4776661708380614 1961.392662975843 0.00036010798061919731 0.00025347693624406951 0.00023373430249638204 0
426 1 1 86572800 141818352.06935588 -36710754.369126312 -5306727.7118002148 7.1037573086220416 30.056795607329651 -1.4585799599808373 1961.391658035918 0.00029877605983860575 0.00021064523961502449 0.00019420166138765715 0
427 1 1 86659200 142409776.06246436 -34108208.202300236 -5431907.28278198 6.5861638954020796 30.185770834860534 -1.4390162154504087 1961.3908394729544 0.00023755525509581093 0.00016769269707463753 0.00015460059282571337 0
428 1 1 86745600 142956366.27332282 -31494923.299741033 -5555376.1395715959 6.0659692564743137 30.305366659015959 -1.4189811507725023 1961.3902073086581 0.00017642708748561239 0.00012464597052947642 0.00011494471660101925 0
429 1 1 86832000 143457906.01780772 -28871712.775644541 -5677093.8348452151 5.5433603266225795 30.41552051418088 -1.3984811623572544 1961.389754628759 0.00011537156483060781 8.1530150873657955e-05 7.5249310871415535e-05 0
430 1 1 86918400 143914194.79155281 -26239395.000550088 -5797020.5177453421 5.0185242423695096 30.516172991550874 -1.377523948158297 1961.3895866842863 0 0 0 0
431 1 3 86955740.345881909 144097342.56640992 -25099147.990031786 -5848286.2898233254 4.7910590225203746 30.55671876013654 -1.3683269210516669 1961.3895682698317 0 0 0 163
432 1 1 87004800 144325048.36752447 -23598793.265482873 -5915116.9905144796 4.4916523773512669 30.607270839438499 -1.3561157911805406 1961.3895402705677 4.4381847480198861e-06 3.1183993391644857e-06 2.9137699882375363e-06 0
433 1 4 87004800 144325048.36752447 -23598793.265482873 -5915116.9905144796 4.4916523773512669 30.607270839438499 -1.3561157911805406 1961.3895402705677 0 0 0 0
