route  n  tank  kg/fb  tL | med: leg_d dv_leg vrel  r   |lat| ic  ec  ac | tgt a e i dnode | pop all/good/deep
r1   42  944.4   8.2     41 |   129 0.339  16.3 1.01  1.3  2.0 0.10 1.00 | 1.66 0.54 14.4 0.043 |   140   52   84  t_end 5438
r2   41  908.9   7.5      0 |   120 0.296  13.9 1.00  1.5  2.2 0.05 1.00 | 1.85 0.58 13.2 0.040 |   147   74  106  t_end 5334
r3   41  986.3   9.4     88 |   111 0.404  17.8 0.97  1.1  1.4 0.09 0.96 | 1.84 0.59  7.3 0.059 |   130   50   69  t_end 5446
r4   38  913.1   8.2      0 |   132 0.303  16.9 1.01  1.1  1.5 0.06 1.01 | 1.80 0.53 13.0 0.034 |   170   72   59  t_end 5475
r5   31  958.1  11.6     80 |   184 0.473  16.6 1.01  2.0  2.9 0.06 1.00 | 2.02 0.63 15.2 0.041 |   164   39   37  t_end 5461
r6   30  901.5  10.1      0 |   177 0.525  16.5 1.02  1.0  1.2 0.08 1.01 | 1.75 0.56 11.4 0.065 |   150   45   43  t_end 5421
r7   30 1017.1  13.9     15 |   186 0.586  15.3 1.00  1.5  2.1 0.07 1.02 | 2.10 0.62 14.8 0.040 |   374   98   30  t_end 5416
r8   24  927.2  13.6     19 |   191 0.488  19.0 0.99  2.4  4.8 0.11 0.98 | 2.12 0.57 18.0 0.031 |   336   74   30  t_end 5092
r9   21  902.8  14.4    944 |   194 0.516  19.7 1.11  1.9  3.3 0.21 1.16 | 2.00 0.62 13.8 0.055 |   246   47   35  t_end 5382
DEEP 162 quartiles
   leg_d    82.915  120.696  172.988
   dv_leg    0.115    0.313    0.724
   vrel     12.226   16.157   22.673
   r         0.957    0.997    1.040
   lat       0.735    1.216    1.738
   ic        1.341    1.869    2.380
   ec        0.048    0.072    0.099
   ac        0.965    0.994    1.022
   a         1.262    1.780    2.232
   e         0.446    0.570    0.646
   i         6.035   12.642   24.257
   q         0.620    0.819    0.940
   Q         1.845    2.780    3.618
   dnode     0.021    0.042    0.106
   pop   [124. 147. 174.] good [49. 59. 73.] deep [ 55.    82.5  112.75]
   dv_leg sum km/s 69.661331219057  per fb 0.43000821740158646
TAIL 136 quartiles
   leg_d   134.237  188.361  238.366
   dv_leg    0.140    0.517    0.995
   vrel     13.309   16.732   23.078
   r         0.969    1.014    1.064
   lat       0.832    1.480    2.518
   ic        1.585    2.493    3.604
   ec        0.050    0.078    0.144
   ac        0.967    1.009    1.074
   a         1.632    2.037    2.470
   e         0.498    0.609    0.676
   i         8.645   15.237   24.857
   q         0.757    0.876    0.955
   Q         2.468    3.225    4.093
   dnode     0.023    0.044    0.079
   pop   [155.75 226.5  357.25] good [36.75 55.5  75.25] deep [23.   35.   55.75]
   dv_leg sum km/s 87.64848890205117  per fb 0.6444741831033174
